0.845441107545877 0.245911822597114 89.21296
0.772214575550114 0.25763726825619 98.79407
1.30376940133038 0.250594875984546 86.814474
0.295920154088601 0.26356460105826 104.56697
-0.734998865203652 0.258435320921944 82.893208
-1.92233282915333 0.228308685740076 62.586171
-2.62350936967632 0.210706441435892 59.216198
0.992596957754779 0.184875687798842 60.960116
0.313633959993436 0.169792949770992 62.109931
0.13633141257521 0.167245456422571 59.520191
-0.89311646819634 0.182389156504966 22.352483
-3.98563997362444 0.170803794157856 -0.21658709
-1.93056085463563 0.186773509209323 -9.1687882
-0.159508247743542 0.200449448520357 -25.976414
-0.740365506760706 0.19516156638988 -40.734637
0.461272720135045 0.194030415280508 -43.404916
2.52828197964088 0.250734465371571 -36.264672
2.63172939494998 0.23291534273438 -41.253398
2.1557486631016 0.244777493453344 -44.970667
3.13357689441445 0.222578011031091 -33.766112
-9.43233288098553 0.260310843127306 -33.361992
3.50853295452334 0.27864190517769 -23.469119
1.36110693337344 0.257820922207456 -35.096397
-1.45225906966392 0.144433474141136 -45.406439
2.69512355786423 0.141889099780948 -49.67068
2.49610556217355 0.158779956421243 -31.946528
-1.82738212312479 0.148073842358716 -28.362895
0.428012020763136 0.144233033973859 -18.774137
3.28255350018136 0.14413438993474 -15.650974
0.602282704126427 0.141080379321842 -20.965667
0.708638053514391 0.140998993594141 -23.454936
1.55461966411896 0.127643917904712 -24.192942
3.06334903406376 0.123932780825 -20.287187
0.933913993807024 0.12713395345697 -18.863043
2.47231564268723 0.131511098924327 -35.270194
-9.01187922256732 0.155145534214957 -48.657211
6.71440888216353 0.172240838607134 -44.573344
0.816171742320566 0.169949393218354 -44.916422
-1.56679314405338 0.150803496582262 -43.042707
-3.19675672083209 0.165419597191142 -35.300205
1.5378806082867 0.161132345179522 -40.080934
-1.91013894993069 0.143113839676844 -43.882583
1.4234507479148 0.154675652193105 -46.594307
2.09841302205458 0.139070301668648 -46.759555
-0.213017357586247 0.138317667413351 -32.535451
1.92124881172762 0.135273335901801 -33.021154
2.02411925449577 0.140660888563204 -37.59827
-9.05372894947875 0.11786705694206 -38.076723
2.65055991535138 0.105489178804183 -38.392502
0.874450247388675 0.110202253948218 -38.863867
1.52085426707768 0.090610340382751 -39.487868
-1.70105686965274 0.0888743382786548 -22.391727
2.36364256945867 0.0832176973940213 -16.833026
-0.710224904553108 0.0721101088756699 -25.442035
1.34665435311897 0.0639492704064422 -25.889316
3.51243434895704 0.0597150251046681 -13.628805
0.686652688189254 0.0575916662386819 -17.671552
0.235271675197914 0.0591387840669915 -3.6543156
-2.16163922986646 0.0667076403243057 -6.6620221
-2.5011752119434 0.0947077738413065 -15.945789
0.540333843186806 0.108761088379651 -10.499655
1.91821143320159 0.13152675104652 7.3951864
2.0070416822157 0.19043324294212 9.3685826
-0.322888500079529 0.256842605005187 29.167295
0.402125520608933 0.347211439000113 46.446782
1.00605540456778 0.429641677402298 54.467608
-0.19983635448137 0.457918845588362 37.36689
-0.381553015372487 0.492518502813161 43.929839
0.705886076951079 0.481424091759365 43.85174
0.510773389492213 0.546545487430007 49.357264
-0.725521468555524 0.602383174700941 35.540602
-1.79869113246181 0.64988266274722 34.913651
0.589827957783608 0.689412065515547 40.264105
-1.70334067720812 0.706580164277219 42.236642
-2.03760756276646 0.700226427514902 60.563561
-1.0143470854109 0.713667100787928 63.715754
0.38448759293892 0.708282647639142 56.950721
-0.666112590750299 0.707940951767265 44.833068
-0.273259534620821 0.698672826916652 53.581964
-1.93151560780899 0.690875112810908 54.826769
-4.21166300212034 0.686306251940607 54.707264
1.47993026672733 0.688932401631713 64.528623
2.43351885652465 0.69490179899202 68.162191
-0.26909121291483 0.772205241083007 63.849176
0.457536513866999 0.766926326835725 61.655825
1.12230159615971 0.742280596285807 50.128833
-1.70980828182025 0.739260003065335 45.773622
-1.40063419689514 0.717597470303212 35.699931
-1.19955725315534 0.687080039403926 40.950771
-2.2986665173044 0.663864165865529 32.596962
-1.70233723835807 0.635247761254303 14.998854
0.205156971858842 0.614868436638144 12.920053
0.675077560622499 0.611369068826869 15.448341
-1.05162842479431 0.628871962949656 14.475943
1.79047468099543 0.618472532760007 7.5267664
-0.460105329732357 0.603819244759335 2.9459996
-1.16767791361808 0.598956652433631 -6.4000714
-3.37061969538598 0.558404726665128 2.8206591
-2.485554960261 0.517862689245689 10.762062
1.66002928231243 0.507214086610576 7.6104123
3.74838312646898 0.526155417407101 -16.736949
-0.781381444824527 0.510601905396984 -41.041029
-0.146255338971791 0.493791197084064 -43.390703
-0.272285706872584 0.496216175538246 -27.590892
3.23303470252622 0.499670744565976 -27.028963
1.07432700767895 0.494965138447234 -24.439834
-2.04821855291042 0.490751681066167 -19.692951
-2.74425482858944 0.443562838562028 -17.667912
-5.59240488513516 0.421949161151156 -12.797698
1.85478814865077 0.342159054275876 -9.9127852
0.439487118780733 0.318021090031571 -7.2289422
3.33568777809646 0.334519646118867 -7.4396857
0.398754114390866 0.356744960644911 -22.381617
3.37217001515413 0.336518844719713 -33.641584
-0.279927914239244 0.358922072208884 -34.690343
1.19991005271054 0.35728456502989 -31.677956
-0.473186002619394 0.357699573849747 -28.714398
0.670347318516904 0.33498584166497 -21.342146
-1.4566180817857 0.339215920050224 -31.669797
0.224128034461894 0.315124157155565 -29.809012
0.643258762902514 0.314051118475871 -23.183593
-0.506219939350827 0.312514056363285 -18.94012
0.364209096230101 0.314145876816224 -14.973718
-0.694773202422885 0.31735127807084 -15.613628
2.34496953198759 0.313025564814827 -24.471786
-1.29184993093086 0.302645349549836 -29.366095
-3.05013428054389 0.297005217026311 -28.522501
0.86058295558368 0.286499500073369 -25.383958
0.764011298698963 0.285817321925464 -24.11736
0.0313612626930012 0.282177956695234 -16.577293
-0.0737679632744033 0.254909083177025 -19.740469
-2.28184849185872 0.233918904485247 -23.301023
2.77505229342145 0.209902636866296 -27.635959
0.402261536749417 0.212960541960142 -25.911084
-0.779347337641987 0.225326048951574 -20.93313
-2.64958108314725 0.223821019270688 -24.960809
-2.76336141421902 0.208264168725821 -34.470393
2.00432297199386 0.181134670793664 -50.22026
-0.261610005287179 0.180783707909794 -57.68459
3.59939535192545 0.177051095147356 -50.139917
3.11212228345637 0.181980005760288 -37.074529
0.85670725656669 0.189625076027336 -36.259154
0.559770230238509 0.150917963263045 -36.113282
-1.62901662823152 0.0972025313101759 -37.871952
0.0179980882421972 -0.220583600201578 -51.829724
-0.894478407267538 -0.456913973279645 -55.476852
0.188861995216649 -0.531468540319105 -61.645056
2.1370325795929 -0.532704871289669 -66.486732
1.36825828076864 -0.60878345781286 -69.452396
1.99054702805483 -0.725543254227291 -81.082786
1.12089473357648 -0.642121670708053 -78.423937
-6.83754900616619 -0.566435059266902 -54.388871
0.648664639268336 -0.57371395258514 -48.945979
1.6800023970448 -0.523686314442128 -51.270593
0.302674364698069 -0.475898225426309 -60.266097
-1.41720719969475 -0.332100355097518 -46.674559
-1.2520911098853 -0.303973884653512 -41.951425
-1.34994823013273 -0.291189812249029 -35.247732
1.24284342826101 -0.259786028340818 -25.356082
1.46653734344665 -0.242521243499555 -19.612996
-0.5375073172478 -0.222043201451174 -30.906031
4.63056669652212 -0.195710620137966 -33.855243
1.3767486541877 -0.196984246832108 -18.977109
-1.03429997023032 -0.240071153586426 -22.529709
0.335743565736432 -0.244839592881696 -17.533316
-0.792792184832069 -0.269583414202724 -12.526447
0.127997499742874 -0.324525077234585 -5.3418992
-1.37952468022458 -0.435279692578325 2.6686286
0.140094996543258 -0.438297682858456 13.911968
0.631295855015499 -0.487303547346931 19.000836
0.540446070903945 -0.434628237547087 11.454389
-0.489145804046881 -0.417532714477971 5.0001666
-0.581869189566659 -0.449143105356179 -5.3163502
0.740766776464279 -0.498908837111193 -11.679568
2.00478587878217 -0.536764836394745 -9.6172435
0.601855467283146 -0.575051925997757 -5.0740605
2.84425241419595 -0.637168433080481 -2.1695149
0.754251019147065 -0.670839711080318 7.6023676
0.402845053048699 -0.565722867054478 11.06873
-4.69253312057505 -0.441654976012561 17.530815
-0.816319237365505 -0.410030550722578 11.963023
0.690734563796127 -0.34744590938665 17.279282
0.733775628509568 -0.257276306049673 16.707032
-0.133828341916635 -0.290090682641447 21.258435
0.0627626409592854 -0.335125826636361 2.8414824
0.878129227261565 -0.353788172758036 0.75877737
1.49898333315389 -0.396952170180639 2.1350607
0.137421554809668 -0.376976340243009 3.6063543
0.942427678323827 -0.344452670611761 10.308712
1.24484017200622 -0.346793086620032 17.845665
-0.577557279476653 -0.259729380419582 14.254084
-0.916949477382972 -0.246502297329906 16.179525
0.42266436871071 -0.286657442540766 12.739532
1.47688546313883 -0.334729228861302 12.182169
-0.445359550480182 -0.46532477802216 2.3404105
-0.918233853050958 -0.50293162291889 -6.5687959
-1.35379086426313 -0.568062896536891 -15.402734
0.172873843908653 -0.484890041982918 -25.389793
-5.86340616971977 -0.110236620191028 -16.379846
4.47347621808182 0.0913082100226246 -18.9824
0.571717809611646 0.180213931890741 -14.972141
1.3669226508109 0.0926137547951351 -10.014565
0.348707218369126 -0.0776010998439622 -0.74397301
-0.405208544424793 -0.21776190976596 -0.12270438
-0.51235996829737 -0.416189643446546 9.6273166
0.422899893032207 -0.456328811036891 17.561521
-2.30822708464839 -0.417320390535884 10.103345
-0.299018331649083 -0.418833495129666 13.932726
0.326313982531954 -0.453879160466009 16.110938
1.67690263865522 -0.435303453844136 7.6318838
-1.15675916510162 -0.407297311666406 2.4647887
1.74587452150245 -0.394840451477399 5.5674778
-0.0736874475037229 -0.352030561490473 9.9040231
0.406300609549279 -0.382409443919482 10.496086
0.671900115679179 -0.5048367412399 5.0500714
0.186367114184781 -0.56990447149601 2.1697523
-1.36655173659529 -0.578301869331737 -11.190692
-1.07458213807096 -0.559652272570511 -18.523806
0.602226438954636 -0.501901422889125 -22.34541
-1.87600772974542 -0.425470957653257 -14.683774
0.410990873818308 -0.374459015626972 -22.694002
0.784651722215238 -0.38185895958418 -32.126599
-0.0221804891246667 -0.409127887805864 -32.084581
0.438096516617589 -0.410736957304504 -33.456647
1.33045031322622 -0.410835161487201 -32.868358
-0.475639185624333 -0.46347887530383 -20.10748
0.530354014653699 -0.547558320687613 -8.308275
-0.270738322567367 -0.559364668311986 -12.935968
0.586121448542073 -0.525797437598023 -10.778031
-1.17253597729485 -0.503917417607178 -2.6650931
-1.16711742520801 -0.478092375602082 1.3607241
0.312931836843213 -0.506257832145936 7.4360273
-0.475660237150078 -0.569814084186327 4.0927998
1.01950227510818 -0.631935361146821 -7.3958246
-0.295816447935884 -0.644820249650166 -6.7180808
0.0188976719781224 -0.666873082923844 -4.5546762
0.774212432903029 -0.653531957508615 -8.1062226
0.10575975269814 -0.760282730744297 -13.690601
0.641321523132582 -0.874440651801741 -18.87176
0.526319277045729 -0.845407620058027 -19.361149
-0.290942304836515 -0.850460878597024 -25.443305
-0.152059535224563 -0.831710603348745 -26.075338
-0.751547049787147 -0.734187239005117 -13.855617
0.731611301705563 -0.656921437606332 -0.96012551
0.509321873741815 -0.5802713531313 -10.295794
-0.644394678149283 -0.555866750040749 -6.3211634
-0.173443586254584 -0.610234174022477 -1.0813373
1.00319126109972 -0.658308367011164 2.5905646
0.812464837260012 -0.636602856283485 18.924036
0.283848010761774 -0.62766638064991 21.761197
0.519919767008684 -0.671856928037403 28.521666
-0.681826945587484 -0.626271440047532 29.614102
0.813154886986262 -0.59042526036607 28.16256
-1.18460207853612 -0.592411358337699 37.975788
1.29441805022267 -0.513338845916703 40.525491
0.0176289948939318 -0.522827976722908 40.090227
-1.3758142059367 -0.587614288536331 28.620433
1.54711433785288 -0.643758242759537 26.83992
0.214118278399447 -0.643300928155186 32.670263
0.631020903317724 -0.634382464872051 28.846017
-0.576000036042538 -0.662447649229013 12.932768
0.349086728582118 -0.649729387267433 9.2841676
0.626795111810307 -0.591687846727405 7.3620134
-0.0785791250864575 -0.599728892167346 2.3354726
0.628004599473865 -0.585211979568402 -5.2766071
-0.231958020884707 -0.475224504704557 -9.0558189
-0.232618603023864 -0.409680799853842 -4.2765752
-6.94678602356733E-05 -0.470000987695387 -7.0946633
0.508336156914361 -0.512490825393318 -17.778653
0.121111070129873 -0.500014743927551 -30.713279
-0.550589610489692 -0.454930153779979 -33.583053
0.744745679376249 -0.387134014499994 -39.033307
0.569360759609531 -0.338144583879523 -29.745597
0.697451399975794 -0.365712876748218 -5.2798737
0.887512286162329 -0.343817463889711 -2.8469077
-0.0947608075884315 -0.354351867878093 -4.5031059
0.550120494862666 -0.453803797022243 -6.1859385
-0.0189606421955872 -0.540396765605175 -3.7485039
0.792287618161002 -0.612964692780575 -10.035408
-0.983456263789165 -0.573377335602179 -17.474357
-1.18128586546063 -0.642129033057106 -17.97047
0.687884380832717 -0.635339911217618 -12.804357
1.3523464091939 -0.611312798686527 -16.385016
0.549059653501336 -0.619940826662595 -16.240344
0.775993093409778 -0.573677131022429 -14.204371
-0.219480491806759 -0.621358501653408 -20.963421
-0.27563794626725 -0.736200680209253 -21.025508
1.8197563935314 -0.844539598208018 -27.598012
0.553642551990685 -0.917628174935856 -43.444404
-0.170534213678155 -0.994048821570857 -36.417415
-0.201579480667262 -0.957902530588385 -43.346262
-0.78823649975798 -0.976101551952597 -43.736362
-0.415318841613478 -1.05995416267435 -52.649399
-0.203842124786935 -1.06758951037792 -59.298646
-1.45592881936371 -1.08716338894201 -64.263665
0.122079408896224 -0.969012825108575 -55.420449
0.17296240862217 -1.0245234330005 -43.419603
1.28337432877356 -1.12278873449623 -45.953487
-0.261591691945744 -1.28195569421762 -58.157776
0.32197385321368 -1.20496569984897 -63.748989
0.485504868006501 -1.18837185886776 -59.560051
-0.479663433656599 -1.03082566968839 -44.902212
-2.15494024078104 -0.834706082144173 -49.954563
-0.295751002283298 -0.785940307326351 -35.839443
-1.59811201853411 -0.764338450822563 -42.893498
2.34967837687717 -0.642348609793573 -44.373518
-0.173087622435332 -0.564404275810392 -37.627434
0.0657492355205452 -0.46752784487054 -28.753496
0.770228340332799 -0.470238733019222 -13.206027
-0.0267531860931419 -0.404077884858411 -13.596896
-1.2282855083815 -0.355481237448973 -13.000198
1.57040166824569 -0.320561733272931 -11.070971
0.926711786778771 -0.24491895859099 -9.730108
0.0495767634876988 -0.239529648125082 4.9415744
0.98198120620144 -0.370312351923179 8.0215654
0.764996334520164 -0.290662693535985 4.0304514
-0.295565718916998 -0.203767540781091 2.7947914
0.91184077535186 -0.238649979793144 4.474994
1.20972066208784 -0.210479102826448 5.926091
0.0240053617823591 -0.156360342743645 9.925456
0.629124580848217 -0.186295236701436 11.191203
0.79439030979201 -0.178305187571962 10.48594
-1.78070136190394 -0.355349057856698 3.6307776
-0.119456909283122 -0.389242315052655 0.51239564
-0.691830387049521 -0.372107395562185 -5.2694282
0.963530710545951 -0.454421616270601 -3.6215444
-1.33988415160502 -0.456993309613316 -7.9151209
-1.00870362789412 -0.393176505763431 -7.6389924
-2.29302636469994 -0.423426916119396 -12.730403
2.92892061055071 -0.472700965433064 -25.576815
0.254887533311862 -0.429281293319092 -46.249332
-0.683617040616176 -0.48768404019269 -50.118359
-0.151423411012871 -0.667105391795706 -54.77716
0.517156897872776 -0.82193740521257 -59.466149
-0.598667441267951 -0.828246745460341 -57.509072
-1.0866131863696 -0.763831718575151 -50.739883
0.106535283157169 -0.697465070461615 -47.679615
-0.303823032393106 -0.499748958637631 -37.418892
-0.802693968089271 -0.431138735827434 -36.584061
0.861442731663972 -0.413252578440654 -40.705216
-0.229602433509692 -0.455160165791526 -44.347335
0.720742064893389 -0.393779610859064 -45.114259
-0.404868519462537 -0.36931680376689 -43.823045
0.82271718580596 -0.315681298367068 -27.306571
2.09138627528415 -0.361188049771195 -12.971366
0.189034791548485 -0.455923348504816 -6.2470423
-2.39623826250345 -0.33829146551167 6.9482646
0.589903750475177 -0.21544876046126 8.3374401
2.38813131226286 -0.159160287174759 6.7651756
0.743174113438716 -0.258495057302836 16.760426
-1.53637063474839 -0.432020499411619 28.249363
-0.0540735468250186 -0.403380163666787 36.355209
-1.15685744147198 -0.32537895927286 32.055969
0.921812358339403 -0.302185297435687 34.478308
0.663384564559873 -0.287043881021692 38.40423
0.871492255365084 -0.395261365207676 45.698758
1.38208107357792 -0.331494608506205 98.454
0.335793255263498 -0.326559829786857 100.62978
1.78753052610402 -0.287898267753181 108.63062
-0.303746208787464 -0.241799439929616 120.98274
-0.0341476878948992 -0.224864686731747 125.06937
-0.0989863053896737 -0.180218293784993 118.9854
-0.043912951899232 -0.176239020471076 105.61967
-0.508527389932521 -0.0822134242551855 83.174448
2.18082469375021 -0.150464492748941 61.522546
0.741938619789532 -0.0811157753206109 87.957737
-1.40168842100451 0.0131843391609765 97.91456
0.866215458718552 0.0340553209839325 97.085597
0.839857751904878 0.144106395589595 105.8986
-0.415733592819209 0.0108955110500015 121.25924
-0.444999874420801 -0.146812923194439 125.30011
0.356658943819549 -0.0487687160124128 105.14634
0.420809994894479 0.00297979612965071 105.55538
0.405539044580523 0.14024784341978 108.5245
0.423869651297207 0.12659359491727 105.20507
0.118018684159946 0.0805163073144182 84.239318
-0.529472325090159 0.211909243996599 55.535559
-0.17945179718802 0.274536667506295 33.706503
-0.00539033384747718 0.374005284919753 32.666932
-0.572179567062972 0.362373973375975 55.402309
0.0818900119400047 0.299848008120721 67.397213
0.782970568108524 0.203352366835893 59.994725
0.26778382455238 0.220809663974349 48.686137
-0.71626741891276 0.308559793480746 34.317552
-0.00488934519158552 0.251899828368763 42.167604
-0.181363688769664 0.296838978769102 48.327886
0.0831992065025065 0.412615758327944 42.696439
-0.620370151071163 0.440863504088631 41.622037
-0.00416789534171954 0.42902082551864 52.243402
1.41776117540969 0.487348883890884 63.385865
-0.379332019211837 0.460012159554915 82.071979
-0.495365224828284 0.316607311887743 91.843815
0.455693108741267 0.23754442541281 92.177422
-0.58822756510457 0.237049253330397 96.23253
-0.106977946647103 0.273790608470515 99.276155
-0.473763635875827 0.168730932574196 102.1364
0.428328099806381 0.246189962229761 100.46614
-0.00809655510734144 0.287159763181501 115.36805
0.282277572628303 0.355108031493778 126.84549
-0.73782428616207 0.369016830406514 137.26611
-0.535529153571709 0.424925683349406 126.83707
0.815363918704151 0.504226429653259 139.80068
-0.847469596121451 0.468382557856033 148.98822
0.901631897446606 0.521914286208307 166.26171
0.992389034992889 0.601957483088921 185.66265
-0.360211491127517 0.678497592793073 186.16692
0.82832520620112 0.648104110709772 179.28062
0.253426136671827 0.663826166476705 147.30081
0.119523424053021 0.691489586385202 143.00492
0.303019895189587 0.791606774221065 158.76325
-0.76321421822387 0.866286666536197 161.43386
0.428996393747968 0.967416858348195 187.8978
0.00993058181340851 1.03669919022536 181.33476
0.983928402854359 1.04178848127899 167.11453
-1.45222328252319 0.904286742999211 148.60476
-1.34644605529548 0.760490278196567 108.93485
1.36537035145625 0.461250996298572 8.7395455
-0.225262752872541 0.112550312277231 -68.501742
-1.03749611031296 -0.20097641794706 -77.252236
-1.30770519291554 -0.168984480414323 -57.619555
0.67989699985083 -0.126989264290529 11.824051
-0.191806330115678 0.0495544894889541 19.613103
0.324431511785047 0.124363987363246 3.1031414
-0.578238822569309 0.25831406560619 45.712556
0.218798747242223 0.406285835725947 85.934706
1.22059813939462 0.361748484578319 73.276114
-0.713058264324552 0.428826198127265 50.617846
0.631716066604649 0.420414167782351 37.302497
0.577139522383172 0.480568483486915 52.694756
0.123816042000102 0.509182323461084 88.650924
-0.403003035920603 0.485134985095784 78.929586
0.217507334677473 0.516978830176304 67.023763
0.690765693478153 0.499919820469697 50.477513
0.46632359316927 0.539992674062048 68.632498
-0.0785840036909972 0.58135028552332 63.52184
0.18929865894472 0.464258952844802 86.946132
0.108131895908775 0.475302848301071 65.406793
0.256705654005115 0.492171250697182 17.339552
-0.186910735615436 0.494117183845503 41.516143
0.445880148130548 0.487457886953547 52.671318
-0.208809644040147 0.533975837297217 51.524452
0.627370857142472 0.569965458266683 36.567168
-0.0785409881348733 0.634499246381054 22.980879
0.850856735517853 0.654588144285002 -14.315553
-1.1150485061937 0.693947951258903 -31.557409
-1.37823894664832 0.802503105418091 -8.4692828
-0.241955970845664 0.896205145122289 -19.364206
-0.862016613940724 0.847409711919613 -18.822836
1.08289312687008 0.823036551910612 -12.856302
0.590642379166198 0.825719972727189 -17.795947
0.571511424122425 0.754817429456487 -16.39217
-0.906858133356886 0.773143829715644 11.840588
0.703990624726857 0.781728175451466 23.810397
1.30940408766361 0.834078255136169 11.634621
0.519856828785901 0.823102342012307 13.581238
0.26556083291435 0.808387561471804 -45.197454
0.309421364734095 0.832785617524389 -84.405994
-0.259281806149366 0.857352843053381 -64.363458
0.412806787590013 0.833281999610232 -47.132074
-0.916929280703316 0.785483632196758 -39.148688
-0.21721459679256 0.672803444835191 -55.013396
0.248606356600239 0.681263449802434 -42.926597
-0.0499929770989136 0.718102036205 -76.17226
-0.724889830453267 0.761425400179936 -83.816006
0.837022491832575 0.749853810724204 -54.131748
0.672968502581007 0.722887952529654 -46.494981
-0.072085115310912 0.677425721305448 -64.340105
-0.886466453946694 0.719397391660571 -74.8512
-0.206408147282665 0.727373852371786 -78.615228
0.286953114053245 0.728979688838205 -61.955778
0.491652395333159 0.703864245905667 -61.825199
-0.152706003803697 0.724481984981183 -64.327126
0.118942650661339 0.708509879132533 -54.448139
0.618773142956693 0.750742075130467 -36.735799
-0.254803971338442 0.773636051122878 -39.981808
-0.687809971354931 0.766805988676569 3.6097388
0.343310257699408 0.710129402511914 15.103086
0.409141578577303 0.628754812287222 -3.8202097
0.519668264386176 0.628435473580911 29.525379
0.438327202758766 0.616473445047671 -9.7336821
0.621139389428831 0.684180342245025 -35.246786
-0.734518718190966 0.692801340542768 -8.8752661
-0.243693024851281 0.692995869399369 -43.976922
0.180259737729973 0.70263777980928 -49.27993
0.455572145660849 0.719433957035786 -57.653665
0.234815222438567 0.703133696578909 -71.228968
0.392148252747036 0.645771865255241 -54.67433
0.975148386140305 0.603527662009657 -36.445649
1.2027273282841 0.526652666252306 -38.240137
-0.24137850030395 0.421362251448782 -18.846397
1.04510702646477 0.165149659529165 -56.511866
-0.777691348590368 -0.0768153423213713 -78.399816
-0.117112791297771 -0.0259176963724734 -108.0223
1.12111456654048 -0.0283339644002067 -101.59307
-0.422909891668869 0.0601180858754657 -98.88213
-0.113072213073772 0.164709910434161 -98.102363
0.537059227838127 0.185430731777637 -82.441624
0.708153792604499 0.0674963551239722 -49.129929
-0.360980883749801 -0.1251521199466 -40.121476
-0.168421256414025 -0.172996769982288 -57.89106
-0.00823170315063946 -0.152264937788417 -69.246107
0.762939849978463 -0.226793526832625 -100.10839
0.271096832784303 -0.389455644896032 -111.30933
0.0232821574317723 -0.57740878416767 -140.77736
-1.00569607568318 -0.606171278704758 -163.43086
-0.0761821065501593 -0.41852091196939 -141.23864
-0.985078508117325 -0.31430064977516 -95.380623
-0.992149822765324 -0.187060651320681 -93.44378
0.879380589056799 -0.113493196229815 -95.507843
0.898427800766034 -0.175350849565222 -80.171021
-0.67269699695107 -0.183761675522972 -85.224753
0.398317210898704 -0.19415544478617 -64.536417
1.42431520478777 -0.105643672144865 -59.844042
1.29993390224779 -0.175459718972829 -38.816501
-0.655225689480593 -0.0672488975790204 -41.046386
-1.12425838001349 -0.0418667929369272 -55.97564
-0.0069399569902382 -0.0167613973511644 -73.614957
-0.995753962102757 -0.0753402462645962 -32.554688
-0.533294966365189 -0.0565777920982498 -25.734389
0.730812213201013 -0.0617052457174279 -48.258393
0.658219837717388 -0.132341133934226 -60.479867
0.672839774522878 -0.116748931302048 -55.212355
-0.748283211916242 -0.058515385024112 -32.345462
0.24405200801529 -0.00514684254205622 -14.894557
0.272135307956201 0.0126247952552749 -6.3283067
0.801263996196233 0.100664466680769 -8.5689541
-0.297213157393742 0.118412947006614 2.1302138
0.549195185602444 0.153214081280386 -24.73456
0.210242601299339 0.1227278861825 -34.652508
-0.312650048874617 0.101138972482946 -31.847368
-0.435964275397123 0.174217163601339 -34.09664
-0.250409389213447 0.244646595035719 -20.580381
0.792389849693479 0.256717270894254 -16.085287
0.566901780389002 0.251877726883015 3.8244257
0.567700546391295 0.233497434219072 7.3351771
0.0184588927131119 0.251437678842088 -9.2621151
1.32846326450228 0.264541258813332 -2.8774382
-0.100248528337014 0.0446252271409275 -28.674402
-0.327891054011002 -0.19505442949654 -17.126416