0.845441107545877 0.245549267895448 0.0988037411874309
0.772214575550114 0.257274713554524 0.091053017559683
1.30376940133038 0.250232321282879 0.0765833712033621
0.295920154088601 0.263202046356594 0.0722509235998039
-0.734998865203652 0.258072766220277 0.0467171107112935
-1.92233282915333 0.227946131038409 0.0400907463016683
-2.62350936967632 0.210343886734226 0.0284631550578787
0.992596957754779 0.184513133097176 0.0108096731968399
0.313633959993436 0.169430395069326 0.000390610737648066
0.13633141257521 0.166882901720905 -0.0312147725403757
-0.89311646819634 0.1820266018033 -0.0638407183663353
-3.98563997362444 0.170441239456189 -0.0748332912195662
-1.93056085463563 0.186410954507657 -0.0951101005513669
-0.159508247743542 0.200086893818691 -0.105961154102552
-0.740365506760706 0.194799011688213 -0.109652501281859
0.461272720135045 0.193667860578842 -0.120236804012594
2.52828197964088 0.250371910669904 -0.110705104478329
2.63172939494998 0.232552788032714 -0.111764628039125
2.1557486631016 0.244414938751678 -0.10288345346569
3.13357689441445 0.222215456329424 -0.0925721902874161
-9.43233288098553 0.259948288425639 -0.0827686818179945
3.50853295452334 0.278279350476023 -0.0828518078996172
1.36110693337344 0.257458367505789 -0.0722978369856666
-1.45225906966392 0.14407091943947 -0.0519006987063084
2.69512355786423 0.141526545079282 -0.0395817565917541
2.49610556217355 0.158417401719577 -0.0248366962341625
-1.82738212312479 0.147711287657049 -0.0030179819894246
0.428012020763136 0.143870479272193 0.0261479727385849
3.28255350018136 0.143771835233073 0.0551444720604495
0.602282704126427 0.140717824620176 0.0721267419968169
0.708638053514391 0.140636438892475 0.0833781092715473
1.55461966411896 0.127281363203046 0.101335412157718
3.06334903406376 0.123570226123334 0.101990420049786
0.933913993807024 0.126771398755303 0.11867725051427
2.47231564268723 0.131148544222661 0.114630202709119
-9.01187922256732 0.15478297951329 0.117954954554672
6.71440888216353 0.171878283905468 0.114285780483073
0.816171742320566 0.169586838516688 0.110403739933466
-1.56679314405338 0.150440941880596 0.0998311621386706
-3.19675672083209 0.165057042489476 0.0983720838893198
1.5378806082867 0.160769790477856 0.0911692462215768
-1.91013894993069 0.142751284975178 0.0749213665861914
1.4234507479148 0.154313097491438 0.0704742246969271
2.09841302205458 0.138707746966982 0.0703132216238856
-0.213017357586247 0.137955112711684 0.0582299976488298
1.92124881172762 0.134910781200135 0.0487621382167314
2.02411925449577 0.140298333861538 0.056985477780535
-9.05372894947875 0.117504502240394 0.0502315259714604
2.65055991535138 0.105126624102517 0.0458825890686504
0.874450247388675 0.109839699246552 0.0435533619271519
1.52085426707768 0.0902477856810846 0.0651538802507967
-1.70105686965274 0.0885117835769884 0.0479098139263099
2.36364256945867 0.0828551426923549 0.0496127333541098
-0.710224904553108 0.0717475541740036 0.0484795715064205
1.34665435311897 0.0635867157047758 0.0540842433607384
3.51243434895704 0.0593524704030017 0.0558584777020531
0.686652688189254 0.0572291115370156 0.0596195789606611
0.235271675197914 0.0587762293653251 0.0625215402133874
-2.16163922986646 0.0663450856226393 0.0773617523425501
-2.5011752119434 0.0943452191396401 0.063910228158598
0.540333843186806 0.108398533677984 0.0671708997277525
1.91821143320159 0.131164196344854 0.068975489790236
2.0070416822157 0.190070688240453 0.0708094483905029
-0.322888500079529 0.256480050303521 0.0778732040370139
0.402125520608933 0.346848884298447 0.0739294594484024
1.00605540456778 0.429279122700632 0.0781406136624607
-0.19983635448137 0.457556290886696 0.084761930634378
-0.381553015372487 0.492155948111495 0.0748650678225985
0.705886076951079 0.481061537057698 0.0567110942951516
0.510773389492213 0.546182932728341 0.0684743202339411
-0.725521468555524 0.602020619999275 0.0664115750840978
-1.79869113246181 0.649520108045554 0.0666137739889022
0.589827957783608 0.689049510813881 0.0638261975784606
-1.70334067720812 0.706217609575553 0.0567520825160623
-2.03760756276646 0.699863872813235 0.0406518812395123
-1.0143470854109 0.713304546086262 0.0214576390480161
0.38448759293892 0.707920092937476 0.00303198302028702
-0.666112590750299 0.707578397065598 0.0162373682174392
-0.273259534620821 0.698310272214986 0.00566927107021133
-1.93151560780899 0.690512558109242 -0.000024666537945977
-4.21166300212034 0.685943697238941 0.00454538491086079
1.47993026672733 0.688569846930046 0.00640285719930145
2.43351885652465 0.694539244290353 0.00259994862344818
-0.26909121291483 0.771842686381341 -0.00254663435640946
0.457536513866999 0.766563772134059 -0.000889535915626088
1.12230159615971 0.741918041584141 -0.00229861378753073
-1.70980828182025 0.738897448363668 -0.00802224870072452
-1.40063419689514 0.717234915601546 -0.0118263986358963
-1.19955725315534 0.68671748470226 -0.0108359462871173
-2.2986665173044 0.663501611163863 -0.00816544638906711
-1.70233723835807 0.634885206552636 -0.0174208710113619
0.205156971858842 0.614505881936478 -0.0147196277029932
0.675077560622499 0.611006514125202 -0.00155313917585887
-1.05162842479431 0.62850940824799 0.00701979058617106
1.79047468099543 0.618109978058341 0.00276507380897372
-0.460105329732357 0.603456690057669 0.00364974310497049
-1.16767791361808 0.598594097731965 0.00865948561543702
-3.37061969538598 0.558042171963461 0.0102179381820841
-2.485554960261 0.517500134544023 0.00152166078786334
1.66002928231243 0.50685153190891 -0.0130126768142729
3.74838312646898 0.525792862705434 -0.0189977792797286
-0.781381444824527 0.510239350695318 -0.0206317074088827
-0.146255338971791 0.493428642382398 -0.0301861379796154
-0.272285706872584 0.49585362083658 -0.0242469620878526
3.23303470252622 0.499308189864309 -0.0367860554991517
1.07432700767895 0.494602583745568 -0.0393788207217997
-2.04821855291042 0.490389126364501 -0.0474167252886419
-2.74425482858944 0.443200283860361 -0.041599637586875
-5.59240488513516 0.42158660644949 -0.0416813451525396
1.85478814865077 0.34179649957421 -0.0377029400586764
0.439487118780733 0.317658535329905 -0.0310069274576132
3.33568777809646 0.3341570914172 -0.0233249009209602
0.398754114390866 0.356382405943245 -0.00972445028200702
3.37217001515413 0.336156290018047 -0.0025566450021474
-0.279927914239244 0.358559517507218 0.00297274331546277
1.19991005271054 0.356922010328224 0.012589695007142
-0.473186002619394 0.357337019148081 0.0192542404107671
0.670347318516904 0.334623286963303 0.0316638458248673
-1.4566180817857 0.338853365348557 0.0454849834964668
0.224128034461894 0.314761602453899 0.0586734093688184
0.643258762902514 0.313688563774204 0.0686041738013781
-0.506219939350827 0.312151501661619 0.0645540620826166
0.364209096230101 0.313783322114558 0.079868111204402
-0.694773202422885 0.316988723369173 0.0937531855150257
2.34496953198759 0.31266301011316 0.0917333575780196
-1.29184993093086 0.30228279484817 0.0909905738757826
-3.05013428054389 0.296642662324644 0.104253038623066
0.86058295558368 0.286136945371703 0.0955893159587457
0.764011298698963 0.285454767223798 0.0909868423412842
0.0313612626930012 0.281815401993568 0.0890841085658622
-0.0737679632744033 0.254546528475358 0.0885305688205833
-2.28184849185872 0.233556349783581 0.0881669185336703
2.77505229342145 0.20954008216463 0.0816619761219478
0.402261536749417 0.212597987258476 0.076567224391598
-0.779347337641987 0.224963494249907 0.0693574361308992
-2.64958108314725 0.223458464569021 0.0714094409259709
-2.76336141421902 0.207901614024154 0.0624996079507268
2.00432297199386 0.180772116091998 0.0547694703397232
-0.261610005287179 0.180421153208127 0.0511863574737771
3.59939535192545 0.176688540445689 0.0545311367623775
3.11212228345637 0.181617451058622 0.0549839007746266
0.85670725656669 0.18926252132567 0.0487199528767234
0.559770230238509 0.150555408561378 0.0524699936379103
-1.62901662823152 0.0968399766085095 0.0469895888126631
0.0179980882421972 -0.220946154903244 0.036357619571683
-0.894478407267538 -0.457276527981311 0.0362432497675762
0.188861995216649 -0.531831095020772 0.0398052020685341
2.1370325795929 -0.533067425991335 0.0320674401486254
1.36825828076864 -0.609146012514526 0.0316811805025824
1.99054702805483 -0.725905808928958 0.0347410736190139
1.12089473357648 -0.64248422540972 0.0264701982915566
-6.83754900616619 -0.566797613968569 0.029589779227393
0.648664639268336 -0.574076507286807 0.0355902813399454
1.6800023970448 -0.524048869143794 0.0260167197222219
0.302674364698069 -0.476260780127975 0.0335054518304779
-1.41720719969475 -0.332462909799184 0.0210823133650573
-1.2520911098853 -0.304336439355179 0.0417998433086669
-1.34994823013273 -0.291552366950695 0.0377981684197215
1.24284342826101 -0.260148583042484 0.0414501463228659
1.46653734344665 -0.242883798201221 0.0398976351956662
-0.5375073172478 -0.22240575615284 0.0447096681635724
4.63056669652212 -0.196073174839632 0.0413031974004515
1.3767486541877 -0.197346801533774 0.0482993549070872
-1.03429997023032 -0.240433708288092 0.0569338040400432
0.335743565736432 -0.245202147583363 0.0630004174092698
-0.792792184832069 -0.26994596890439 0.0747367048791399
0.127997499742874 -0.324887631936251 0.0723905338925967
-1.37952468022458 -0.435642247279992 0.0753406419016377
0.140094996543258 -0.438660237560123 0.0848628404100241
0.631295855015499 -0.487666102048598 0.0790275544346802
0.540446070903945 -0.434990792248754 0.0781473853402336
-0.489145804046881 -0.417895269179638 0.0795324729087312
-0.581869189566659 -0.449505660057845 0.0784440868752983
0.740766776464279 -0.49927139181286 0.0879578826926215
2.00478587878217 -0.537127391096411 0.0735071153530857
0.601855467283146 -0.575414480699423 0.0799031631244014
2.84425241419595 -0.637530987782148 0.0743831974386967
0.754251019147065 -0.671202265781984 0.0765841969892309
0.402845053048699 -0.566085421756144 0.0825506546855449
-4.69253312057505 -0.442017530714227 0.0800539942835961
-0.816319237365505 -0.410393105424244 0.0719454826083586
0.690734563796127 -0.347808464088316 0.0730540644554875
0.733775628509568 -0.25763886075134 0.0673597482806912
-0.133828341916635 -0.290453237343113 0.0544727202577005
0.0627626409592854 -0.335488381338028 0.0620737375640289
0.878129227261565 -0.354150727459702 0.0475146085597686
1.49898333315389 -0.397314724882305 0.0473931002240916
0.137421554809668 -0.377338894944675 0.0443775866329492
0.942427678323827 -0.344815225313428 0.0413412616131963
1.24484017200622 -0.347155641321699 0.0449470530639585
-0.577557279476653 -0.260091935121249 0.0470145382126018
-0.916949477382972 -0.246864852031573 0.0449531565303306
0.42266436871071 -0.287019997242432 0.0411119703602894
1.47688546313883 -0.335091783562968 0.0412568266163503
-0.445359550480182 -0.465687332723826 0.030821470725416
-0.918233853050958 -0.503294177620557 0.0354596119078745
-1.35379086426313 -0.568425451238557 0.0301259911195218
0.172873843908653 -0.485252596684584 0.0300989802341587
-5.86340616971977 -0.110599174892694 0.039852356074801
4.47347621808182 0.0909456553209582 0.0337257075162277
0.571717809611646 0.179851377189075 0.0267084205281575
1.3669226508109 0.0922512000934688 0.029319758939716
0.348707218369126 -0.0779636545456286 0.0167682167739992
-0.405208544424793 -0.218124464467627 0.0249801644648544
-0.51235996829737 -0.416552198148213 0.0136848167506421
0.422899893032207 -0.456691365738557 0.0102757160124551
-2.30822708464839 -0.41768294523755 0.0189099297339568
-0.299018331649083 -0.419196049831332 0.0188974801314427
0.326313982531954 -0.454241715167675 0.0127718325565831
1.67690263865522 -0.435666008545803 0.0180395018605793
-1.15675916510162 -0.407659866368073 0.0135311056350681
1.74587452150245 -0.395203006179066 0.0122820442681575
-0.0736874475037229 -0.35239311619214 0.025388234845564
0.406300609549279 -0.382771998621149 0.0145546097257149
0.671900115679179 -0.505199295941567 0.00298921260353812
0.186367114184781 -0.570267026197676 0.0074015582700018
-1.36655173659529 -0.578664424033403 0.00884760549584277
-1.07458213807096 -0.560014827272178 0.00593223436545205
0.602226438954636 -0.502263977590791 0.00866541766938156
-1.87600772974542 -0.425833512354923 0.0105214556911446
0.410990873818308 -0.374821570328638 0.0139775335009415
0.784651722215238 -0.382221514285846 0.0166269977753013
-0.0221804891246667 -0.40949044250753 0.0171068201242573
0.438096516617589 -0.41109951200617 0.0264677336298676
1.33045031322622 -0.411197716188868 0.0209216075536753
-0.475639185624333 -0.463841430005496 0.0157971177870385
0.530354014653699 -0.54792087538928 0.00848336516153205
-0.270738322567367 -0.559727223013652 0.0149094916596324
0.586121448542073 -0.526159992299689 0.0224313115056764
-1.17253597729485 -0.504279972308844 0.0185959274441812
-1.16711742520801 -0.478454930303748 0.0186218345943853
0.312931836843213 -0.506620386847602 0.0211708443858685
-0.475660237150078 -0.570176638887993 0.0256691215737564
1.01950227510818 -0.632297915848488 0.0215446193026611
-0.295816447935884 -0.645182804351832 0.0134464190833937
0.0188976719781224 -0.66723563762551 0.0180730071707753
0.774212432903029 -0.653894512210281 0.0160512181258304
0.10575975269814 -0.760645285445963 0.0219824370424216
0.641321523132582 -0.874803206503407 0.0264226325835385
0.526319277045729 -0.845770174759694 0.0213495887288991
-0.290942304836515 -0.850823433298691 0.0312083315779706
-0.152059535224563 -0.832073158050412 0.0336454903320932
-0.751547049787147 -0.734549793706784 0.0384032642539805
0.731611301705563 -0.657283992307998 0.0441929513814026
0.509321873741815 -0.580633907832966 0.0573967549515993
-0.644394678149283 -0.556229304742416 0.0519995134602064
-0.173443586254584 -0.610596728724144 0.0552954791114552
1.00319126109972 -0.658670921712831 0.0598085480589061
0.812464837260012 -0.636965410985152 0.0643707719636262
0.283848010761774 -0.628028935351577 0.0701563991419152
0.519919767008684 -0.672219482739069 0.0848740345172274
-0.681826945587484 -0.626633994749198 0.0812621766014482
0.813154886986262 -0.590787815067737 0.0844382625435218
-1.18460207853612 -0.592773913039366 0.0800979397680009
1.29441805022267 -0.51370140061837 0.0845584263599225
0.0176289948939318 -0.523190531424574 0.0776602414828889
-1.3758142059367 -0.587976843237997 0.0767863667972238
1.54711433785288 -0.644120797461203 0.0760562719528727
0.214118278399447 -0.643663482856853 0.0790438959780397
0.631020903317724 -0.634745019573717 0.0713604697506734
-0.576000036042538 -0.662810203930679 0.064882395297967
0.349086728582118 -0.650091941969099 0.0648514954379044
0.626795111810307 -0.592050401429072 0.0651814939492315
-0.0785791250864575 -0.600091446869012 0.0609222487798151
0.628004599473865 -0.585574534270068 0.0502635369333057
-0.231958020884707 -0.475587059406223 0.0516023149381014
-0.232618603023864 -0.410043354555508 0.0482191985593074
-6.94678602356733E-05 -0.470363542397053 0.0461870572291288
0.508336156914361 -0.512853380094984 0.0364422481247785
0.121111070129873 -0.500377298629218 0.0430329652473703
-0.550589610489692 -0.455292708481645 0.0452009535699672
0.744745679376249 -0.38749656920166 0.0508243168151915
0.569360759609531 -0.338507138581189 0.0491755793039177
0.697451399975794 -0.366075431449884 0.0576431450632525
0.887512286162329 -0.344180018591377 0.0580452833962557
-0.0947608075884315 -0.354714422579759 0.0624135305415436
0.550120494862666 -0.45416635172391 0.0617181612891932
-0.0189606421955872 -0.540759320306841 0.0696412798551524
0.792287618161002 -0.613327247482241 0.0750271449378431
-0.983456263789165 -0.573739890303846 0.0720968708318762
-1.18128586546063 -0.642491587758772 0.0732507166582532
0.687884380832717 -0.635702465919285 0.0788066156248339
1.3523464091939 -0.611675353388194 0.0835088257685938
0.549059653501336 -0.620303381364261 0.0835482829273728
0.775993093409778 -0.574039685724095 0.0862664625202364
-0.219480491806759 -0.621721056355074 0.0781392644970728
-0.27563794626725 -0.736563234910919 0.0760456162675031
1.8197563935314 -0.844902152909685 0.0708001788200986
0.553642551990685 -0.917990729637522 0.074481943797514
-0.170534213678155 -0.994411376272524 0.0663721836936674
-0.201579480667262 -0.958265085290051 0.0627758078394275
-0.78823649975798 -0.976464106654263 0.0606688277509563
-0.415318841613478 -1.06031671737602 0.0533006998460983
-0.203842124786935 -1.06795206507959 0.0490219114673775
-1.45592881936371 -1.08752594364368 0.0468505501585455
0.122079408896224 -0.969375379810241 0.0411456205426198
0.17296240862217 -1.02488598770216 0.0387383952420602
1.28337432877356 -1.1231512891979 0.0381536284922021
-0.261591691945744 -1.28231824891929 0.0280138842369126
0.32197385321368 -1.20532825455064 0.0338821907388104
0.485504868006501 -1.18873441356943 0.0237024288249891
-0.479663433656599 -1.03118822439006 0.0267020463331321
-2.15494024078104 -0.835068636845839 0.0205736714927778
-0.295751002283298 -0.786302862028017 0.0313222753375071
-1.59811201853411 -0.764701005524229 0.0325823792731348
2.34967837687717 -0.642711164495239 0.0416308279554551
-0.173087622435332 -0.564766830512058 0.0381121155821322
0.0657492355205452 -0.467890399572207 0.0476926508260316
0.770228340332799 -0.470601287720889 0.054210034349254
-0.0267531860931419 -0.404440439560077 0.0611812889964631
-1.2282855083815 -0.355843792150639 0.0724683764744104
1.57040166824569 -0.320924287974597 0.0710571262950875
0.926711786778771 -0.245281513292656 0.0712843914611717
0.0495767634876988 -0.239892202826749 0.0739488833649202
0.98198120620144 -0.370674906624845 0.0808568512686401
0.764996334520164 -0.291025248237651 0.0842574704476036
-0.295565718916998 -0.204130095482757 0.0864521790201823
0.91184077535186 -0.23901253449481 0.0805770554895297
1.20972066208784 -0.210841657528114 0.09118402686364
0.0240053617823591 -0.156722897445311 0.0809375161945527
0.629124580848217 -0.186657791403102 0.0836418644166088
0.79439030979201 -0.178667742273628 0.0780261688973274
-1.78070136190394 -0.355711612558364 0.0809743645221074
-0.119456909283122 -0.389604869754321 0.0605190613197547
-0.691830387049521 -0.372469950263851 0.0644914464932073
0.963530710545951 -0.454784170972267 0.048679101930435
-1.33988415160502 -0.457355864314982 0.0384929247443279
-1.00870362789412 -0.393539060465097 0.0288874951751917
-2.29302636469994 -0.423789470821063 0.0171797178893896
2.92892061055071 -0.47306352013473 0.0126504160860028
0.254887533311862 -0.429643848020758 0.0144808172286024
-0.683617040616176 -0.488046594894356 0.00262039246238139
-0.151423411012871 -0.667467946497372 -0.0105266808302993
0.517156897872776 -0.822299959914236 -0.0182474632726436
-0.598667441267951 -0.828609300162007 -0.0184737879796561
-1.0866131863696 -0.764194273276817 -0.0115385525290527
0.106535283157169 -0.697827625163281 -0.0190844326730026
-0.303823032393106 -0.500111513339298 -0.00716397046168194
-0.802693968089271 -0.4315012905291 -0.00347654749594123
0.861442731663972 -0.41361513314232 -0.00332236134707959
-0.229602433509692 -0.455522720493192 -0.00493642601901786
0.720742064893389 -0.394142165560731 0.0126336690713958
-0.404868519462537 -0.369679358468556 0.00778112558326284
0.82271718580596 -0.316043853068734 0.0200880582482125
2.09138627528415 -0.361550604472861 0.0255937608512633
0.189034791548485 -0.456285903206482 0.0293005727744281
-2.39623826250345 -0.338654020213337 0.0283276932525097
0.589903750475177 -0.215811315162926 0.0464318111340341
2.38813131226286 -0.159522841876425 0.0407095020752946
0.743174113438716 -0.258857612004502 0.0480797502889144
-1.53637063474839 -0.432383054113286 0.0484202959455541
-0.0540735468250186 -0.403742718368453 0.049535662183382
-1.15685744147198 -0.325741513974526 0.0533742152557034
0.921812358339403 -0.302547852137353 0.0502032092529107
0.663384564559873 -0.287406435723358 0.0516182882232854
0.871492255365084 -0.395623919909343 0.051366625194658
1.38208107357792 -0.331857163207871 0.0534265438442757
0.335793255263498 -0.326922384488524 0.0529395413525845
1.78753052610402 -0.288260822454848 0.058320479504319
-0.303746208787464 -0.242161994631282 0.0526686443279636
-0.0341476878948992 -0.225227241433413 0.0621995923668115
-0.0989863053896737 -0.18058084848666 0.058999241353263
-0.043912951899232 -0.176601575172742 0.0644152682342244
-0.508527389932521 -0.0825759789568519 0.0642437788993259
2.18082469375021 -0.150827047450608 0.0668884750067145
0.741938619789532 -0.0814783300222772 0.0626186034766405
-1.40168842100451 0.0128217844593101 0.0633952246101757
0.866215458718552 0.0336927662822661 0.0668962079328788
0.839857751904878 0.143743840887929 0.0743317238735076
-0.415733592819209 0.0105329563483352 0.0773832360285467
-0.444999874420801 -0.147175477896105 0.0763065549824337
0.356658943819549 -0.0491312707140792 0.0766693084612054
0.420809994894479 0.00261724142798436 0.0785600925105051
0.405539044580523 0.139885288718114 0.0714748918031995
0.423869651297207 0.126231040215604 0.0696913582129613
0.118018684159946 0.0801537526127518 0.062629323703209
-0.529472325090159 0.211546689294933 0.0619705175248097
-0.17945179718802 0.274174112804628 0.0644786311387214
-0.00539033384747718 0.373642730218087 0.0547131002211364
-0.572179567062972 0.362011418674309 0.0557876962685949
0.0818900119400047 0.299485453419055 0.0550451339679369
0.782970568108524 0.202989812134227 0.0623095114117944
0.26778382455238 0.220447109272683 0.0696745456533682
-0.71626741891276 0.308197238779079 0.0615654311329118
-0.00488934519158552 0.251537273667096 0.0697015952659178
-0.181363688769664 0.296476424067436 0.0688165911871132
0.0831992065025065 0.412253203626278 0.0684131805475443
-0.620370151071163 0.440500949386965 0.073687325247051
-0.00416789534171954 0.428658270816974 0.0734198856990809
1.41776117540969 0.486986329189218 0.0689283607929276
-0.379332019211837 0.459649604853249 0.0722473637781082
-0.495365224828284 0.316244757186077 0.0737011257886052
0.455693108741267 0.237181870711143 0.0689929719886611
-0.58822756510457 0.236686698628731 0.0846035548218539
-0.106977946647103 0.273428053768848 0.0843276981924882
-0.473763635875827 0.16836837787253 0.0892496728523172
0.428328099806381 0.245827407528094 0.0881699715203844
-0.00809655510734144 0.286797208479835 0.093853253660235
0.282277572628303 0.354745476792111 0.0894428070858063
-0.73782428616207 0.368654275704848 0.087976610481224
-0.535529153571709 0.42456312864774 0.0828659872961145
0.815363918704151 0.503863874951593 0.0885898800407692
-0.847469596121451 0.468020003154367 0.0842192064061968
0.901631897446606 0.521551731506641 0.0817157138781445
0.992389034992889 0.601594928387255 0.0841909518962007
-0.360211491127517 0.678135038091407 0.0815901547117222
0.82832520620112 0.647741556008106 0.08044971502057
0.253426136671827 0.663463611775038 0.0919502958912006
0.119523424053021 0.691127031683536 0.082587149360087
0.303019895189587 0.791244219519398 0.0756358011574378
-0.76321421822387 0.865924111834531 0.0773592711799369
0.428996393747968 0.967054303646529 0.0566697823923101
0.00993058181340851 1.03633663552369 0.0528986911614559
0.983928402854359 1.04142592657732 0.0404010067402866
-1.45222328252319 0.903924188297545 0.029244066887646
-1.34644605529548 0.7601277234949 0.012535511437609
1.36537035145625 0.460888441596905 -0.00438580656179641
-0.225262752872541 0.112187757575565 -0.0409276708853067
-1.03749611031296 -0.201338972648727 -0.0750699844136093
-1.30770519291554 -0.169347035115989 -0.108240222880531
0.67989699985083 -0.127351818992195 -0.104109788096629
-0.191806330115678 0.0491919347872878 -0.109693224819585
0.324431511785047 0.12400143266158 -0.114394861686341
-0.578238822569309 0.257951510904523 -0.112869544480828
0.218798747242223 0.40592328102428 -0.105272691271063
1.22059813939462 0.361385929876652 -0.111210329113993
-0.713058264324552 0.428463643425598 -0.0975593768528764
0.631716066604649 0.420051613080685 -0.0831848021512805
0.577139522383172 0.480205928785249 -0.0826288341076863
0.123816042000102 0.508819768759417 -0.0645157480599027
-0.403003035920603 0.484772430394117 -0.0612626606503054
0.217507334677473 0.516616275474638 -0.0361592672824462
0.690765693478153 0.499557265768031 -0.0284274823212055
0.46632359316927 0.539630119360382 -0.00369873795284017
-0.0785840036909972 0.580987730821654 0.0164065284010173
0.18929865894472 0.463896398143136 0.0522546109108629
0.108131895908775 0.474940293599405 0.0829560152752221
0.256705654005115 0.491808695995516 0.116310944264295
-0.186910735615436 0.493754629143837 0.111631687772006
0.445880148130548 0.487095332251881 0.118882078938704
-0.208809644040147 0.533613282595551 0.121799025746447
0.627370857142472 0.569602903565017 0.121874715290831
-0.0785409881348733 0.634136691679387 0.123828231151139
0.850856735517853 0.654225589583336 0.128791952882963
-1.1150485061937 0.693585396557237 0.118930368425389
-1.37823894664832 0.802140550716424 0.104804053582053
-0.241955970845664 0.895842590420623 0.0949511859828881
-0.862016613940724 0.847047157217947 0.0948425110607302
1.08289312687008 0.822673997208945 0.0915609822251207
0.590642379166198 0.825357418025523 0.0761833117254636
0.571511424122425 0.754454874754821 0.0796541718974191
-0.906858133356886 0.772781275013978 0.0644952148669009
0.703990624726857 0.7813656207498 0.0600925998987509
1.30940408766361 0.833715700434503 0.0482068356658201
0.519856828785901 0.822739787310641 0.0524732980258344
0.26556083291435 0.808025006770138 0.0555564914273163
0.309421364734095 0.832423062822723 0.0539164342299271
-0.259281806149366 0.856990288351715 0.0466225100615729
0.412806787590013 0.832919444908565 0.0348373979302625
-0.916929280703316 0.785121077495092 0.0350560467976907
-0.21721459679256 0.672440890133525 0.0193837871657605
0.248606356600239 0.680900895100768 0.00668868236710705
-0.0499929770989136 0.717739481503333 0.00535592377906235
-0.724889830453267 0.76106284547827 0.00477967419937255
0.837022491832575 0.749491256022538 0.0148568528845366
0.672968502581007 0.722525397827987 0.00433865909346934
-0.072085115310912 0.677063166603781 0.00492384854677835
-0.886466453946694 0.719034836958905 0.00588968205736898
-0.206408147282665 0.72701129767012 0.00355672187322968
0.286953114053245 0.728617134136539 0.00687230144724096
0.491652395333159 0.703501691204001 0.0105565632931998
-0.152706003803697 0.724119430279517 0.0147183744671852
0.118942650661339 0.708147324430867 0.00812300088931557
0.618773142956693 0.750379520428801 0.00607697397493075
-0.254803971338442 0.773273496421211 0.00862510358275519
-0.687809971354931 0.766443433974903 0.0167377966543097
0.343310257699408 0.709766847810248 0.0222357662875676
0.409141578577303 0.628392257585556 0.021031360428653
0.519668264386176 0.628072918879244 0.0237245705247506
0.438327202758766 0.616110890346005 0.0313494257343281
0.621139389428831 0.683817787543358 0.0400384212552046
-0.734518718190966 0.692438785841102 0.0419987714960662
-0.243693024851281 0.692633314697702 0.0407903606426409
0.180259737729973 0.702275225107613 0.0398092961918636
0.455572145660849 0.71907140233412 0.0384896719438702
0.234815222438567 0.702771141877243 0.0363302039042956
0.392148252747036 0.645409310553575 0.026771379207095
0.975148386140305 0.603165107307991 0.0340616556237838
1.2027273282841 0.52629011155064 0.023478707435689
-0.24137850030395 0.420999696747116 0.0300091447979143
1.04510702646477 0.164787104827499 0.0365582529727326
-0.777691348590368 -0.0771778970230377 0.0364067304200428
-0.117112791297771 -0.0262802510741398 0.0290495944318948
1.12111456654048 -0.0286965191018731 0.0255672832632158
-0.422909891668869 0.0597555311737994 0.0265126053043046
-0.113072213073772 0.164347355732495 0.0192172557353559
0.537059227838127 0.185068177075971 0.025248704321561
0.708153792604499 0.0671338004223059 0.0144460563168372
-0.360980883749801 -0.125514674648267 0.012099466759061
-0.168421256414025 -0.173359324683954 0.0126452045020664
-0.00823170315063946 -0.152627492490083 0.0120559787259788
0.762939849978463 -0.227156081534291 0.010635468692868
0.271096832784303 -0.389818199597698 0.00636715284331552
0.0232821574317723 -0.577771338869336 0.0153058737493901
-1.00569607568318 -0.606533833406424 0.0224016925072042
-0.0761821065501593 -0.418883466671056 0.0144314598206897
-0.985078508117325 -0.314663204476826 0.0230293191681049
-0.992149822765324 -0.187423206022347 0.0152882716153936
0.879380589056799 -0.113855750931481 0.0199189131268824
0.898427800766034 -0.175713404266888 0.00950068573348893
-0.67269699695107 -0.184124230224638 0.015154723479626
0.398317210898704 -0.194517999487837 0.0146275667947685
1.42431520478777 -0.106006226846531 0.0220936739800944
1.29993390224779 -0.175822273674495 0.0253317070573026
-0.655225689480593 -0.0676114522806868 0.0203323485460564
-1.12425838001349 -0.0422293476385935 0.0300224866624436
-0.0069399569902382 -0.0171239520528308 0.0303996753527046
-0.995753962102757 -0.0757028009662626 0.036661076946527
-0.533294966365189 -0.0569403467999161 0.0354109237935203
0.730812213201013 -0.0620678004190942 0.0409492157151303
0.658219837717388 -0.132703688635892 0.0431362367190122
0.672839774522878 -0.117111486003715 0.0312478308249246
-0.748283211916242 -0.0588779397257784 0.0403688733525121
0.24405200801529 -0.00550939724372257 0.0405389739348055
0.272135307956201 0.0122622405536086 0.0393958895975748
0.801263996196233 0.100301911979103 0.0491726431456263
-0.297213157393742 0.118050392304948 0.0437346054132014
0.549195185602444 0.15285152657872 0.0524519918221162
0.210242601299339 0.122365331480834 0.0529825512489363
-0.312650048874617 0.10077641778128 0.0502100357884429
-0.435964275397123 0.173854608899673 0.0486564972192126
-0.250409389213447 0.244284040334053 0.0460388645540605
0.792389849693479 0.256354716192588 0.0448144239640088