0.845441108	28.45039869	89.21296
0.772214576	1.179445817	98.79407
1.303769401	-0.701765274	86.81447
0.295920154	1.305419675	104.56697
-0.734998865	-0.511614784	82.89321
-1.922332829	-2.967735122	62.58617
-2.62350937	-1.744822979	59.21620
0.992596958	-2.549999377	60.96012
0.31363396	-1.496956324	62.10993
0.136331413	-0.254425124	59.52019
-0.893116468	1.525894693	22.35248
-3.985639974	-1.151851045	-0.21659
-1.930560855	1.609791247	-9.16879
-0.159508248	1.376988274	-25.97641
-0.740365507	-0.527392589	-40.73464
0.46127272	-0.11305116	-43.40492
2.52828198	5.834254766	-36.26467
2.631729395	-1.766130088	-41.25340
2.155748663	1.193278504	-44.97067
3.133576894	-2.195488722	-33.76611
-9.432332881	3.84537543	-33.36199
3.508532955	1.850010731	-23.46912
1.361106933	-2.060572287	-35.09640
-1.45225907	-10.71953224	-45.40644
2.695123558	-0.254114018	-49.67068
2.496105562	1.703431373	-31.94653
-1.827382123	-1.06490076	-28.36290
0.428012021	-0.383344191	-18.77414
3.2825535	-0.009863917	-15.65097
0.602282704	-0.304935187	-20.96567
0.708638054	-0.008138242	-23.45494
1.554619664	-1.326629234	-24.19294
3.063349034	-0.370425932	-20.28719
0.933913994	0.320630186	-18.86304
2.472315643	0.438673916	-35.27019
-9.011879223	2.391594193	-48.65721
6.714408882	1.724226536	-44.57334
0.816171742	-0.228882203	-44.91642
-1.566793144	-1.896377808	-43.04271
-3.196756721	1.472343812	-35.30021
1.537880608	-0.427807487	-40.08093
-1.91013895	-1.785714286	-43.88258
1.423450748	1.162890861	-46.59431
2.098413022	-1.548421797	-46.75956
-0.213017358	-0.07523511	-32.53545
1.921248812	-0.303970223	-33.02115
2.024119254	0.540209162	-37.59827
-9.053728949	-2.253601483	-38.07672
2.650559915	-1.23015873	-38.39250
0.874450247	0.472419915	-38.86387
1.520854267	-1.940123928	-39.48787
-1.70105687	-0.173449612	-22.39173
2.363642569	-0.564067222	-16.83303
-0.710224905	-1.104612703	-25.44204
1.346654353	-0.812762923	-25.88932
3.512434349	-0.422529352	-13.62881
0.686652688	-0.212110613	-17.67155
0.235271675	0.154831523	-3.65432
-2.16163923	0.759757245	-6.66202
-2.501175212	2.839582173	-15.94579
0.540333843	1.415252657	-10.49966
1.918211433	2.302677809	7.39519
2.007041682	6.06760543	9.36858
-0.3228885	6.866409818	29.16730
0.402125521	9.457792681	46.44678
1.006055405	8.592291508	54.46761
-0.199836354	2.868076249	37.36689
-0.381553015	3.520518891	43.92984
0.705886077	-1.103309504	43.85174
0.510773389	6.728858073	49.35726
-0.725521469	5.74260361	35.54060
-1.798691132	4.864566426	34.91365
0.589827958	4.032108676	40.26411
-1.703340677	1.731631757	42.23664
-2.037607563	-0.633359446	60.56356
-1.014347085	1.353140517	63.71575
0.384487593	-0.536998296	56.95072
-0.666112591	-0.03416375	44.83307
-0.273259535	-0.922530816	53.58196
-1.931515608	-0.77673908	54.82677
-4.211663002	-0.45584395	54.70726
1.479930267	0.262960104	64.52862
2.433518857	0.598724972	68.16219
-0.269091213	8.036985635	63.84918
0.457536514	-0.526500527	61.65583
1.122301596	-2.434450425	50.12883
-1.709808282	-0.301603582	45.77362
-1.400634197	-2.142958521	35.69993
-1.199557253	-3.005647507	40.95077
-2.298666517	-2.294845857	32.59696
-1.702337238	-2.821083318	14.99885
0.205156972	-2.017306967	12.92005
0.675077561	-0.349325216	15.44834
-1.051628425	1.765696737	14.47594
1.790474681	-1.034554308	7.52677
-0.46010533	-1.454645105	2.94600
-1.167677914	-0.485078906	-6.40007
-3.370619695	-3.974069899	2.82066
-2.48555496	-3.973120356	10.76206
1.660029282	-1.059210698	7.61041
3.748383126	1.91218558	-16.73695
-0.781381445	-1.543318081	-41.04103
-0.146255339	-1.667019682	-43.39070
-0.272285707	0.242792109	-27.59089
3.233034703	0.346054293	-27.02896
1.074327008	-0.46945521	-24.43983
-2.048218553	-0.420459322	-19.69295
-2.744254829	-4.609275765	-17.66791
-5.592404885	-2.138177564	-12.79770
1.854788149	-7.66898775	-9.91279
0.439487119	-2.384897347	-7.22894
3.335687778	1.663540885	-7.43969
0.398754114	2.247413679	-22.38162
3.372170015	-2.002294017	-33.64158
-0.279927914	2.265606438	-34.69034
1.199910053	-0.16361672	-31.67796
-0.473186003	0.041509495	-28.71440
0.670347319	-2.245771738	-21.34215
-1.456618082	0.42390378	-31.66980
0.224128034	-2.380387293	-29.80901
0.643258763	-0.107246318	-23.18359
-0.506219939	-0.153588144	-18.94012
0.364209096	0.16331526	-14.97372
-0.694773202	0.321054405	-15.61363
2.344969532	-0.431637083	-24.47179
-1.291849931	-1.032652676	-29.36610
-3.050134281	-0.562425684	-28.52250
0.860582956	-1.045072465	-25.38396
0.764011299	-0.068194552	-24.11736
0.031361263	-0.363275077	-16.57729
-0.073767963	-2.690043436	-19.74047
-2.281848492	-2.077141817	-23.30102
2.775052293	-2.373017196	-27.63596
0.402261537	0.306258525	-25.91108
-0.779347338	1.244227598	-20.93313
-2.649581083	-0.150389769	-24.96081
-2.763361414	-1.543646781	-34.47039
2.004322972	-2.676479858	-50.22026
-0.261610005	-0.03509013	-57.68459
3.599395352	-0.372565522	-50.13992
3.112122283	0.494107767	-37.07453
0.856707257	0.767436843	-36.25915
0.55977023	-3.796756509	-36.11328
-1.629016628	-5.229824623	-37.87195
0.017998088	-27.22415836	-51.82972
-0.894478407	-21.04802052	-55.47685
0.188861995	-7.184317409	-61.64506
2.13703258	-0.123556703	-66.48673
1.368258281	-7.325662584	-69.45240
1.990547028	-11.02010996	-81.08279
1.120894734	8.699997324	-78.42394
-6.837549006	7.862449261	-54.38887
0.648664639	-0.725246633	-48.94598
1.680002397	5.130015196	-51.27059
0.302674365	4.894834809	-60.26610
-1.4172072	15.46506958	-46.67456
-1.25209111	2.852575431	-41.95143
-1.34994823	1.2866138	-35.24773
1.242843428	3.190208523	-25.35608
1.466537343	1.741468265	-19.61300
-0.537507317	2.068915575	-30.90603
4.630566697	2.668234706	-33.85524
1.376748654	-0.127281598	-18.97711
-1.03429997	-4.217185529	-22.52971
0.335743566	-0.475708834	-17.53332
-0.792792185	-2.444020236	-12.52645
0.1279975	-5.345963536	-5.34190
-1.37952468	-10.48416199	2.66863
0.140094997	-0.301344073	13.91197
0.631295855	-4.782445434	19.00084
0.540446071	5.408733772	11.45439
-0.489145804	1.724248781	5.00017
-0.58186919	-3.111600541	-5.31635
0.740766776	-4.854770655	-11.67957
2.004785879	-3.714841777	-9.61724
0.601855467	-3.756340431	-5.07406
2.844252414	-6.022660984	-2.16951
0.754251019	-3.311070982	7.60237
0.402845053	11.08403978	11.06873
-4.692533121	13.20927273	17.53082
-0.816319237	3.212979065	11.96302
0.690734564	6.458456296	17.27928
0.733775629	9.435987505	16.70703
-0.133828342	-3.228182594	21.25844
0.062762641	-4.403611515	2.84148
0.878129227	-1.84892828	0.75878
1.498983333	-4.224569205	2.13506
0.137421555	2.017668199	3.60635
0.942427678	3.305834496	10.30871
1.244840172	-0.233767937	17.84567
-0.577557279	9.096617881	14.25408
-0.916949477	1.331494792	16.17953
0.422664369	-3.935961117	12.73953
1.476885463	-4.693463243	12.18217
-0.44535955	-12.24273624	2.34041
-0.918233853	-3.690848919	-6.56880
-1.353790864	-6.305554079	-15.40273
0.172873844	8.672963848	-25.38979
-5.86340617	45.44872337	-16.37985
4.473476218	22.32910762	-18.98240
0.57171781	9.297760758	-14.97214
1.366922651	-8.38729079	-10.01457
0.348707218	-15.65164292	-0.74397
-0.405208544	-13.07815548	-0.12270
-0.512359968	-17.99809716	9.62732
0.422899893	-3.93442623	17.56152
-2.308227085	3.977923908	10.10335
-0.299018332	-0.151196043	13.93273
0.326313983	-3.443867743	16.11094
1.676902639	1.874930832	7.63188
-1.156759165	2.840200103	2.46479
1.745874522	1.253477004	5.56748
-0.073687448	4.373945067	9.90402
0.40630061	-2.992208157	10.49609
0.671900116	-11.52297722	5.05007
0.186367114	-6.299600229	2.16975
-1.366551737	-0.836223818	-11.19069
-1.074582138	1.882458663	-18.52381
0.602226439	5.945100027	-22.34541
-1.87600773	7.942713002	-14.68377
0.410990874	5.233546023	-22.69400
0.784651722	-0.737263178	-32.12660
-0.022180489	-2.690048759	-32.08458
0.438096517	-0.160777564	-33.45665
1.330450313	-0.009819936	-32.86836
-0.475639186	-5.128203262	-20.10748
0.530354015	-8.064178557	-8.30828
-0.270738323	-1.173692618	-12.93597
0.586121449	3.413696716	-10.77803
-1.172535977	2.212114301	-2.66509
-1.167117425	2.616139763	1.36072
0.312931837	-2.777250791	7.43603
-0.475660237	-6.15786703	4.09280
1.019502275	-6.023109244	-7.39582
-0.295816448	-1.280223371	-6.71808
0.018897672	-2.181144722	-4.55468
0.774212433	1.343051531	-8.10622
0.105759753	-10.12503625	-13.69060
0.641321523	-10.78829393	-18.87176
0.526319277	2.945859873	-19.36115
-0.290942305	-0.504051231	-25.44331
-0.152059535	1.892716551	-26.07534
-0.75154705	10.2437199	-13.85562
0.731611302	8.032919124	-0.96013
0.509321874	7.966421902	-10.29579
-0.644394678	2.470483277	-6.32116
-0.173443586	-5.291593883	-1.08134
1.003191261	-4.693692614	2.59056
0.812464837	2.194278896	18.92404
0.283848011	0.897652514	21.76120
0.519919767	-4.322837023	28.52167
-0.681826946	4.664047598	29.61410
0.813154887	3.649640002	28.16256
-1.184602079	-0.198412698	37.97579
1.29441805	8.228279817	40.52549
0.017628995	-0.944425107	40.09023
-1.375814206	-6.273227498	28.62043
1.547114338	-5.459696866	26.83992
0.214118278	0.045741919	32.67026
0.631020903	0.895835127	28.84602
-0.576000036	-2.767501564	12.93277
0.349086729	1.279948302	9.28417
0.626795112	5.975901776	7.36201
-0.078579125	-0.800880271	2.33547
0.628004599	1.462279471	-5.27661
-0.231958021	11.6264089	-9.05582
-0.232618603	6.773940168	-4.27658
-6.94679E-05	-5.85369597	-7.09466
0.508336157	-4.159979498	-17.77865
0.12111107	1.255423244	-30.71328
-0.55058961	4.61163473	-33.58305
0.744745679	7.014712528	-39.03331
0.56936076	5.020925062	-29.74560
0.6974514	-2.719175558	-5.27987
0.887512286	2.213687651	-2.84691
-0.094760808	-1.047911148	-4.50311
0.550120495	-9.466653102	-6.18594
-0.018960642	-8.294971204	-3.74850
0.792287618	-6.999742793	-10.03541
-0.983456264	4.03813797	-17.47436
-1.181285865	-6.644154376	-17.97047
0.687884381	0.681222017	-12.80436
1.352346409	2.431808937	-16.38502
0.549059654	-0.859091336	-16.24034
0.775993093	4.735055632	-14.20437
-0.219480492	-4.656246812	-20.96342
-0.275637946	-10.84931683	-21.02551
1.819756394	-10.26765742	-27.59801
0.553642552	-7.048150733	-43.44440
-0.170534214	-7.357357357	-36.41742
-0.201579481	3.680751099	-43.34626
-0.7882365	-1.803441922	-43.73636
-0.415318842	-8.043321961	-52.64940
-0.203842125	-0.760627248	-59.29865
-1.455928819	-1.938355402	-64.26367
0.122079409	12.54135452	-55.42045
0.172962409	-5.399801147	-43.41960
1.283374329	-9.359159965	-45.95349
-0.261591692	-14.71460452	-58.15778
0.321973853	8.003126994	-63.74899
0.485504868	1.673228346	-59.56005
-0.479663434	17.06348274	-44.90221
-2.154940241	21.66723955	-49.95456
-0.295751002	4.997439149	-35.83944
-1.598112019	2.183686577	-42.89350
2.349678377	12.97426247	-44.37352
-0.173087622	8.106247855	-37.62743
0.065749236	10.17242262	-28.75350
0.77022834	-0.270721701	-13.20603
-0.026753186	6.839855329	-13.59690
-1.228285508	4.979682706	-13.00020
1.570401668	3.553634909	-11.07097
0.926711787	7.857721024	-9.73011
0.049576763	0.540385892	4.94157
0.981981206	-12.25915888	8.02157
0.764996335	8.290761361	4.03045
-0.295565719	9.07823082	2.79479
0.911840775	-3.428105954	4.47499
1.209720662	2.857142857	5.92609
0.024005362	5.560995904	9.92546
0.629124581	-2.949128253	11.19120
0.79439031	0.802205476	10.48594
-1.780701362	-16.22569683	3.63078
-0.119456909	-3.33253153	0.51240
-0.691830387	1.728256431	-5.26943
0.963530711	-7.901747856	-3.62154
-1.339884152	-0.256838937	-7.91512
-1.008703628	6.589711263	-7.63899
-2.293026365	-2.979744564	-12.73040
2.928920611	-4.807977913	-25.57682
0.254887533	4.437609842	-46.24933
-0.683617041	-5.673002811	-50.11836
-0.151423411	-16.4246321	-54.77716
0.517156898	-14.34409442	-59.46615
-0.598667441	-0.628947815	-57.50907
-1.086613186	6.65349476	-50.73988
0.106535283	6.861845229	-47.67962
-0.303823032	21.86163939	-37.41889
-0.802693968	7.101866913	-36.58406
0.861442732	1.804707265	-40.70522
-0.229602434	-4.104160364	-44.34734
0.720742065	6.330348259	-45.11426
-0.404868519	2.476447643	-43.82305
0.822717186	5.509995382	-27.30657
2.091386275	-4.448684851	-12.97137
0.189034792	-9.03863215	-6.24704
-2.396238263	12.48299661	6.94826
0.58990375	13.07065525	8.33744
2.388131312	5.790281643	6.76518
0.743174113	-9.456045683	16.76043
-1.536370635	-15.93042382	28.24936
-0.054073547	2.905441382	36.35521
-1.156857441	8.112396077	32.05597
0.921812358	2.346472642	34.47831
0.663384565	1.525662842	38.40423
0.871492255	-10.25676021	45.69876
1.382081074	6.584376885	98.45400
0.335793255	0.494697479	100.62978
1.787530526	3.941864538	108.63062
-0.303746209	4.717789616	120.98274
-0.034147688	1.707895901	125.06937
-0.098986305	4.565804247	118.98540
-0.043912952	0.398720113	105.61967
-0.50852739	9.858786525	83.17445
2.180824694	-6.597406035	61.52255
0.74193862	7.180990278	87.95774
-1.401688421	9.888948908	97.91456
0.866215459	2.109030393	97.08560
0.839857752	11.63350854	105.89860
-0.415733593	-12.47195105	121.25924
-0.444999874	-14.59012284	125.30011
0.356658944	10.30115451	105.14634
0.420809995	5.311086461	105.55538
0.405539045	14.71355939	108.52450
0.423869651	-1.356145209	105.20507
0.118018684	-4.503184786	84.23932
-0.529472325	14.04158045	55.53556
-0.179451797	6.463010918	33.70650
-0.005390334	10.45838055	32.66693
-0.572179567	-1.156392934	55.40231
0.081890012	-6.061132897	67.39721
0.782970568	-9.198614464	59.99473
0.267783825	1.761056634	48.68614
-0.716267419	9.17153005	34.31755
-0.004889345	-5.508468108	42.16760
-0.181363689	4.596421147	48.32789
0.083199207	12.27452245	42.69644
-0.620370151	2.865049666	41.62204
-0.004167895	-1.177283006	52.24340
1.417761175	6.006270112	63.38587
-0.379332019	-2.696645772	82.07198
-0.495365225	-13.35967634	91.84382
0.455693109	-7.601818334	92.17742
-0.588227565	-0.04950495	96.23253
-0.106977947	3.742466158	99.27616
-0.473763636	-9.972920348	102.13640
0.4283281	8.053796154	100.46614
-0.008096555	4.182064308	115.36805
0.282277573	7.030993811	126.84549
-0.737824286	1.400597627	137.26611
-0.535529154	5.750129121	126.83707
0.815363919	8.252983997	139.80068
-0.847469596	-3.52090872	148.98822
0.901631897	5.499046435	166.26171
0.992389035	8.333386331	185.66265
-0.360211491	7.954548972	186.16692
0.828325206	-2.993624427	179.28062
0.253426137	1.584629754	147.30081
0.119523424	2.804960515	143.00492
0.303019895	10.53004383	158.76325
-0.763214218	7.75391671	161.43386
0.428996394	10.64206793	187.89780
0.009930582	7.173875245	181.33476
0.983928403	0.510226349	167.11453
-1.452223283	-12.8467165	148.60476
-1.346446055	-13.39359954	108.93485
1.365370351	-25.86180111	8.73955
-0.225262753	-29.43957027	-68.50174
-1.03749611	-26.91351574	-77.25224
-1.307705193	3.25091807	-57.61956
0.679897	4.288948968	11.82405
-0.19180633	19.30866277	19.61310
0.324431512	7.767883122	3.10314
-0.578238823	14.33357409	45.71256
0.218798747	15.94801639	85.93471
1.220598139	-4.35601247	73.27611
-0.713058264	6.937858015	50.61785
0.631716067	-0.837674822	37.30250
0.577139522	6.200041724	52.69476
0.123816042	2.902714859	88.65092
-0.403003036	-2.376050492	78.92959
0.217507335	3.235628521	67.02376
0.690765693	-1.691432867	50.47751
0.466323593	4.088660376	68.63250
-0.078584004	4.222475043	63.52184
0.189298659	-11.04960513	86.94613
0.108131896	1.110510439	65.40679
0.256705654	1.701147725	17.33955
-0.186910736	0.19478277	41.51614
0.445880148	-0.663717291	52.67132
-0.208809644	4.761688398	51.52445
0.627370857	3.664508706	36.56717
-0.078540988	6.666161812	22.98088
0.850856736	2.029203782	-14.31555
-1.115048506	4.014466763	-31.55741
-1.378238947	11.46663853	-8.46928
-0.241955971	9.823246749	-19.36421
-0.862016614	-4.762406573	-18.82284
1.082893127	-2.407853306	-12.85630
0.590642379	0.268702441	-17.79595
0.571511424	-6.844732622	-16.39217
-0.906858133	1.849535929	11.84059
0.703990625	0.862129689	23.81040
1.309404088	5.374457252	11.63462
0.519856829	-1.091589757	13.58124
0.265560833	-1.460704723	-45.19745
0.309421365	2.469812401	-84.40599
-0.259281806	2.487148632	-64.36346
0.412806788	-2.378345123	-47.13207
-0.916929281	-4.667401072	-39.14869
-0.217214597	-10.65636533	-55.01340
0.248606357	0.849589194	-42.92660
-0.049992977	3.752553659	-76.17226
-0.72488983	4.427552134	-83.81601
0.837022492	-1.150489611	-54.13175
0.672968503	-2.66055256	-46.49498
-0.072085115	-4.444430794	-64.34011
-0.886466454	4.286493434	-74.85120
-0.206408147	0.800835743	-78.61523
0.286953114	0.160712651	-61.95578
0.491652395	-2.480267411	-61.82520
-0.152706004	2.083175295	-64.32713
0.118942651	-1.584522817	-54.44814
0.618773143	4.313666279	-36.73580
-0.254803971	2.315805448	-39.98181
-0.687809971	-0.680679058	3.60974
0.343310258	-5.510038644	15.10309
0.409141579	-7.815168861	-3.82021
0.519668264	-0.031928772	29.52538
0.438327203	-1.189076789	-9.73368
0.621139389	7.005162738	-35.24679
-0.734518718	0.865826612	-8.87527
-0.243693025	0.019454778	-43.97692
0.180259738	0.968854338	-49.27993
0.455572146	1.693802607	-57.65367
0.234815222	-1.616813011	-71.22897
0.392148253	-5.574765253	-54.67433
0.975148386	-4.136434995	-36.44565
1.202727328	-7.3994399	-38.24014
-0.2413785	-9.993690702	-18.84640
1.045107026	-22.602259	-56.51187
-0.777691349	-21.49163465	-78.39982
-0.117112791	5.221518928	-108.02230
1.121114567	-0.24133512	-101.59307
-0.422909892	9.248186715	-98.88213
-0.113072213	11.02573381	-98.10236
0.537059228	2.093698803	-82.44162
0.708153793	-11.12456263	-49.12993
-0.360980884	-17.52281489	-40.12148
-0.168421256	-4.671813212	-57.89106
-0.008231703	2.094822948	-69.24611
0.76293985	-7.181906213	-100.10839
0.271096833	-15.01217016	-111.30933
0.023282157	-17.13464624	-140.77736
-1.005696076	-2.835279142	-163.43086
-0.076182107	20.641164	-141.23864
-0.985078508	10.98448849	-95.38062
-0.992149823	13.56895488	-93.44378
0.879380589	7.634113891	-95.50784
0.898427801	-5.998331449	-80.17102
-0.672696997	-0.837555392	-85.22475
0.398317211	-1.03399407	-64.53642
1.424315205	9.25471147	-59.84404
1.299933902	-6.743464752	-38.81650
-0.655225689	11.42826352	-41.04639
-1.12425838	2.570697305	-55.97564
-0.006939957	2.542318991	-73.61496
-0.995753962	-5.689612525	-32.55469
-0.533294966	1.893957502	-25.73439
0.730812213	-0.511433067	-48.25839
0.658219838	-6.819888987	-60.47987
0.672839775	1.571439528	-55.21236
-0.748283212	5.996251711	-32.34546
0.244052008	5.481831885	-14.89456
0.272135308	1.7930493	-6.32831
0.801263996	9.203144361	-8.56895
-0.297213157	1.790692057	2.13021
0.549195186	3.541378001	-24.73456
0.210242601	-3.002617763	-34.65251
-0.312650049	-2.135754112	-31.84737
-0.435964275	7.581465278	-34.09664
-0.250409389	7.296884889	-20.58038
0.79238985	1.214382047	-16.08529
0.56690178	-0.482785229	3.82443
0.567700546	-1.821240526	7.33518
0.018458893	1.81021375	-9.26212
1.328463265	1.31898081	-2.87744
-0.100248528	-19.7413813	-28.67440
-0.327891054	-21.31201076	-17.12642