8.29014216736635 11.2943624530909 30.3444546804971 64.3718780605417
8.36433186866241 12.6742257683805 34.9292399275971 75.4993528912761
8.26019718839218 13.8848623480601 38.6268067169968 87.0458621826865
8.57374044085088 15.0684982455094 42.7560191146658 99.0781138514958
8.57934322300854 16.135451387861 47.5815388115449 111.571950439052
8.82388369259968 21.244744443734 52.5122488408406 126.549065726583
8.62284810962973 21.7071244322495 57.3199745300855 142.07531067443
8.68605104701706 22.1422273031297 62.1513873778012 158.604206233309
9.32424205232326 22.7252771885137 66.6226613891687 173.624648914057
9.672296518142 23.3544384251049 71.4449641910603 188.500769082441
9.83556831215209 23.96966507624 75.0492152112559 203.042684102318
10.4500109443291 24.7077018519148 79.4613676780848 218.905717492863
9.95053286296053 25.2220915256115 83.4941808603265 233.281593378428
12.237427504003 26.3711106242512 87.6206852820367 248.430397791932
12.0180522570657 27.3394152389458 91.2013193470992 262.923723783712
11.9288121508583 24.1084442734295 94.3555957919067 277.223311954085
11.3525949881311 25.1033783425259 96.6306113032913 290.154613037728
10.5845839558345 25.7684156950237 99.0243703034348 302.8105717161
10.9122828636454 26.4652589846149 100.787221699343 315.866752504894
11.3701410768885 27.22977540922 104.131637913427 328.313069250455
10.842862628661 27.7596566568963 106.973324844382 339.461178033637
10.173950331272 28.0358760905883 108.416814695871 351.23599638461
10.9448350790833 28.5157390052544 110.067897162456 361.741212757714
10.7693858778638 28.8949808680881 111.321775750057 371.601846314947
11.4906316212477 29.4526722676536 114.500849070186 382.11898591558
10.8514886327111 29.7628516307016 116.117425584324 391.48558127108
10.2137276702939 29.8506847687196 117.152611428584 401.029496349761
10.0348873506972 29.8760824970568 117.889306583517 409.941114886111
9.90284303006226 29.8593271563698 118.67348005984 418.195021005604
10.5454626759667 30.0370332435228 120.20937229907 426.074311517604
11.0904989146727 34.4361526804515 122.173132233453 434.946368013991
10.6100315630889 38.2512199682122 125.350205414443 444.506819259103
10.7015357905638 37.6365587085601 128.581364474244 454.170226257108
10.268029775122 36.9533117702407 131.274845250887 462.731861937266
10.1083558902755 36.2904873602993 134.758396309139 471.304144435557
10.1028870820573 35.6923047488866 136.327632768165 479.71071040235
10.0135253362379 35.1271318748693 137.857548635654 488.259653964207
9.58069824602122 30.4129550743096 137.563597003966 494.463969846645
10.1662393623611 30.4215313755869 136.93882053074 499.305969732436
10.0062243399221 30.3812455400049 136.635254424146 503.966304841459
11.0427105601909 30.6559341540617 135.98645227881 509.039991012682
11.3539056934267 30.9965124466835 136.697497775879 512.322698708049
10.7005580462918 31.1070286159027 136.71961713844 515.82892339859
10.5110445713386 31.149639125714 136.701926518756 518.729554053772
11.4028077598733 31.4555175411046 138.095473042795 524.024855848468
11.7063738511778 31.8218779423475 137.96420692916 527.309900936959
11.5774290583388 32.1129188656144 138.59731174404 530.063537668517
11.4963316336031 32.3505264691339 138.733050123975 532.678318871212
12.3963137616361 32.8343679507113 139.520866386127 537.185453845961
12.0117613528556 33.1544595614969 142.607573484741 543.539876837715
11.9371715483773 33.4201650698604 142.760454789445 546.771221594934
11.3426456394914 33.4809422547217 142.916649700837 549.737660828827
11.7716387968446 33.664339668303 143.7801218503 552.630965674711
12.1075942769843 33.9301839845679 143.731582768383 555.703719029324
12.2725699616085 34.2189365745937 145.70866107175 559.808160459005
12.1421778120644 34.4396962607537 145.707327281683 562.055673054893
12.1636428766418 34.6448194976708 147.872712291133 564.58486883835
12.0378902027815 34.7917046087382 148.173498568831 568.18012946278
12.110040645421 34.9455463414907 148.472741584531 570.682179097441
12.2760905605247 35.133818875499 148.727198786686 574.347934309442
12.1953262140296 35.279034852158 150.725389459625 577.424097848496
12.3119488889251 35.4447160336197 150.698848383144 579.920031166927
11.6749466833226 35.4027284352545 150.139105495857 581.603254051366
11.2493703101989 35.2372666847888 149.832644609076 583.111742712853
11.6168259223549 35.1985877930163 151.063373334866 585.027226267411
11.2852654624597 35.0643086524526 150.878294561222 586.595222568988
10.725519389955 34.7755336041939 150.863749499167 587.415889542023
10.7650641360234 34.5274994845815 151.092977984668 589.144021234539
11.0725053068063 34.3965011281652 151.626750117778 590.127717641163
12.4825613840306 34.7016194305579 151.76089229892 592.253130274218
11.8091335662962 34.774197557391 151.93491259865 593.321119494693
11.2462085296394 38.7463134474229 152.968607754539 595.257239881098
11.1335104073308 38.2117352248798 153.821251141172 597.824141965398
11.1871652135568 37.7467112664589 156.461845549986 601.412329473125
10.8541671508792 37.2282902850767 156.322258050955 602.989431063072
10.3209212074398 36.601737618801 155.179914815112 605.907843655549
10.778587165245 36.1751400064944 154.248196190602 607.175617328743
10.5305187681585 35.7167816362925 154.682621852899 607.417865297103
10.2146403577756 35.209495579996 154.154064734654 608.118538069438
9.63677617055753 34.5795788731636 153.532261042977 607.481996346134
9.0584868906281 33.8391670530357 152.87791855222 607.29635587775
10.8832812944283 33.7202347360606 153.594032184813 607.284789948583
10.3159246353166 33.4429886530495 151.952560801689 605.88238884238
9.5583036229774 32.9661808746378 150.534338981678 606.779445839991
9.65110716739404 32.5648949373922 149.20251633403 605.009574454553
9.42429172080015 32.1356929598931 147.077272512024 602.013763457549
11.859850967408 32.4800789541261 146.368092980174 601.445006923253
11.5923426745999 32.7097738610935 146.267830816086 599.652649903146
11.0102708401064 32.7418777270161 145.432648696191 598.516144191153
10.7457505720363 32.6914151259253 144.45239980003 595.974042421705
10.9267265706317 32.7002915845223 143.840126914985 593.630397034151
11.3758093743132 32.8430052383641 143.560579589171 591.740901381838
11.2147577819177 32.923132049103 143.045947760289 589.569642303027
10.5399763840606 32.7928117594108 142.939616425265 588.237021032998
9.99855409379951 32.5130968116096 141.997472410283 588.087840452777
10.287914266594 32.3481614104269 141.561903131033 585.783849090629
10.6287348649895 32.301965728881 141.898002822068 583.38279494574
10.7428914425401 32.2946365887549 141.619595754975 580.795447541582
10.8022091958979 32.3058356886488 141.348384062947 578.846169701126
10.7464111462268 32.299175463652 140.524674530614 576.680614529046
12.4223111922327 32.7959512749566 141.925067784665 576.399841288086
11.9832222766384 33.1113228304525 142.033070200229 575.602370940721
12.5931597546958 33.5781384738159 142.181589900624 575.387497482006
12.0467185151112 33.8343401809677 143.862295310859 575.462982556193
11.8259926835769 33.998703967944 144.026103828421 575.847024791203
11.8809736989573 34.1631256808368 144.167534679435 575.88502890478
11.5524104372576 34.2125362439304 143.950399532121 577.625072993192
11.2065462904901 34.1532465066844 144.395290000384 577.482043471019
11.0694702249947 34.0587629235143 143.915368086108 577.697533998843
11.3031704753003 34.043837773753 144.396524677377 577.927352276445
10.9778977180874 33.9328233118039 144.105156276361 577.461060377832
11.0032849132708 33.8405264546048 145.304845967552 577.660444546736
10.9853301368911 33.7520728502116 145.212833242016 578.188442262601
10.6100801222856 33.5598896018762 145.860098762018 579.592186858275
10.9594280663391 33.4917290615903 145.730310742624 580.864679862947
11.370740005319 33.5537781570269 146.68763430228 580.860339402644
12.0027613486661 33.7992287459241 146.148120374169 581.332990671314
12.3014328878944 34.1097357377 146.287547022172 581.817933215237
12.0301363356618 30.2321299777493 146.963987452876 581.052962014553
12.3240583102528 30.9061344730503 146.532743383348 580.338986008039
11.713227408142 31.3294892481878 145.207416309517 580.315619795964
11.2328136058362 31.5663844051199 144.852955087193 579.527099294132
10.8981949684888 31.6792044551546 143.500805124864 579.924214110493
10.1909961232105 31.5685828466023 142.756013322677 578.480388164817
9.98846471712263 31.4082639770788 142.369015568077 576.97214331678
9.65002437621129 31.1624448922343 140.943329795715 574.38551570416
9.78877202774697 30.982832011335 139.931351411742 572.160700127507
9.64290118279033 30.7774191650386 140.531136943866 570.357294559513
9.362571629529 30.5084487373934 139.913731228036 567.834069933783
9.39145302294722 30.2750397705383 139.078493106173 565.152897221971
9.01814950240836 29.9529806442069 137.3932827829 562.681799002835
8.53678057416096 29.5187167520345 136.078314940409 559.102094730036
8.820614854471 25.1373564462932 133.226588229611 554.363901327959
8.42032933808956 25.1497196030908 131.886709261387 549.712063602023
8.16107236104501 25.0830693510952 130.108834242405 546.938872357087
9.0302753809466 25.2838450302697 128.558796317191 542.225330100731
8.28184417850787 25.2400137807951 127.057510759689 537.320760899237
8.09118047824116 29.2190396330671 126.368505523871 534.303316720098
8.58858796963095 28.8737120606496 126.038141151324 530.578454087723
8.67022292257852 28.5874077313582 125.287681276572 527.135224580498
8.98402596807376 28.4238747486445 124.570639248693 523.614812003081
9.17692082054015 28.3345635199421 123.940245260817 520.224941380505
9.10980837068214 28.2340496791526 123.172596195121 517.019331213742
8.95257312232674 28.0964166479353 122.319989482327 514.378612308627
9.21299503205956 28.0506734927597 122.19592353311 511.78225307969
9.40899453699315 28.0683045045816 121.733995482783 509.511067572811
9.97123271806617 28.2528438695433 122.484424872522 506.997023137136
9.37502805126379 28.2400678979681 123.012367762196 505.617558079449
9.05142808369377 28.1314895332794 124.075939269142 504.47413389895
9.21251642938846 28.082095508768 124.073949388715 503.552738050346
9.30056472621506 28.0640553757558 124.299482463576 502.429555835481
11.0672682792322 28.5778303219498 124.311878819644 502.377068427225
10.3453049869258 28.8236387858326 124.721105053655 502.748877056457
10.4819248107147 29.0858523504637 126.871154791271 503.677100349761
10.0425621676099 29.1900357657003 128.269132338076 503.918052388498
9.44868718293295 25.029965257131 127.361209667289 502.632607544779
9.49171283371537 25.3744825815325 125.662049276813 501.553067042779
10.8885675473191 26.103604587575 125.24794300593 501.246528854957
10.9769257240813 26.7863218460419 125.278707153108 501.378929736516
10.3006988471554 27.1978993155843 124.84908496598 500.654063678895
9.77126521969848 27.4094889499354 124.139273176896 499.815013043501
9.0913501056535 27.3959450866379 123.227649217085 498.441408189035
9.41062219731426 27.4795372371684 123.304219960318 497.332060861988
9.11175823433144 27.465110983751 123.330996901909 496.227170712232
9.48074618851591 27.5628237419307 123.82681446393 495.767499694349
9.48472369689661 27.6519584768066 122.894419554659 495.504027046661
9.88744597609682 31.9286695088341 123.994187747656 496.306437515679
9.44842230907317 31.5703292506727 124.98668954058 497.145945690188
9.0016668418908 31.1137963781727 127.030782180106 498.306093079923
8.80431756942891 30.6437120111841 127.349452426687 500.022969350303
8.68468069027344 30.1847450171477 127.638396486096 501.401994343466
9.28156526495049 29.9507400949181 127.808631937937 501.657063553961
9.11973109332525 29.6915854134238 127.286639700271 501.960144168393
9.5295324400327 29.5812866040913 126.966642255425 502.515133550591
9.19978439635588 29.3830932625889 126.33576260638 502.828022883877
9.25140862446296 29.2202065236689 126.101356926105 503.966990369896
9.09372131814928 29.0263022667468 126.45156597239 505.118909664654
8.97458322458957 28.816047007449 125.866599147908 504.212288365997
8.6927191635028 28.5422580557549 125.754777461456 504.249688099386
8.65957202162627 28.2859038566673 125.046160739462 502.902178602146
9.01894780444504 28.1629978123341 125.214185421109 503.093277405566
9.67291489683492 28.2485725001512 125.055277164471 502.803573712769
9.05992376579738 28.1416923798753 124.38557747139 501.604907690563
9.1158040202376 28.062264347959 124.666278449152 500.926349147895
9.68670111746927 28.1620482484039 124.271149529895 501.500744683545
9.66465698246133 28.2452405183019 123.905026359441 501.184358956062
10.1421962594162 28.4633753442966 123.643843905952 500.651685470384
10.2920157934878 28.7046425479133 124.235869706694 500.245240556029
11.1630483543096 29.1830927994148 124.621818490144 500.509576221038
10.6260461437099 29.4525973625863 125.684569983355 501.054174863566
10.9962564568147 29.8062145633721 126.975730667385 501.475196166774
10.8659425649787 30.0853758765285 127.497682477915 502.784953160847
10.260836059371 30.1550891066869 127.956474335686 503.448441169895
10.399153548222 30.2593262604848 128.258915839328 505.985427049819
11.8729113488609 34.8709401259738 133.998748771882 510.658712029586
11.5651545470279 34.8533924774848 135.690255128039 515.823329729015
11.8426798921349 34.9208571973768 136.6878356695 520.258524082258
11.2756981530992 34.8114809235689 137.665125371924 524.44841118133
11.3373407570617 34.7315350583305 138.681033457278 528.510336236605
10.7282974676594 34.4768707927952 139.378270963687 531.484869251652
11.0769304423474 34.3522628462199 139.677506987921 535.058630650185
11.0977500857536 34.246361587324 141.051220849681 539.481268990908
11.2556490440446 34.198420141805 142.487847457628 542.327358963182
10.7746183117434 34.0109636211475 142.487345579542 544.891501038239
10.0914656083121 33.6373069415264 141.869196803015 547.390204029741
10.1605492127802 29.2460679243286 140.062504523262 547.491137301187
10.0725509706592 29.3432264230935 139.526141682847 547.288888704917
10.8179848153824 29.6542992253989 138.83196892616 547.356819898271
10.5166803981983 29.8438734223185 138.138356547502 547.050489111469
10.305274242011 29.95106835269 137.567223656289 546.952200543231
9.71321006666053 25.79425145054 135.844904516028 545.91209599476
10.1209243689181 26.2511036161614 135.215072066869 544.185153097973
9.54841806978797 26.4905186754817 133.288216744639 541.327016152759
9.18085932565427 26.5957246056298 131.196491100822 537.833083890423
9.67656988683564 26.8391231111175 130.173218943759 535.564140591829
10.0866492029158 27.1812055608805 129.74308799743 533.265265436015
10.2232197293135 27.5300509235865 129.262002707424 531.342993103678
10.8015018182631 28.0174963767068 130.461317704552 530.032120591769
10.279849893168 28.2997017069865 131.27765808545 528.855113765254
10.6380272811288 28.6611397206265 131.11978290433 527.786056739881
11.2110784254563 29.1583492762007 131.719109186256 527.445936731319
10.7638519644317 29.4716699379101 131.47547454046 526.89678122142
10.4500422509901 29.6595156194161 131.560497402559 527.260330347223
10.5298045899632 29.8525054344635 133.033759448953 528.814602422181
10.2580443983623 29.9446682105258 132.745155376375 528.495305443101
10.3582430566868 30.0576743064793 132.952640914748 528.624796136056
10.2608514879412 30.1301623222137 132.399148986344 528.32618537583
10.6488277169829 30.3117944050872 132.568736358394 528.958696061167
10.1617685415926 30.3291455270563 133.362882116261 529.370221749114
9.61777936167826 30.1815647828541 133.523602921238 530.096962329229
10.1349035889388 30.2038793812503 132.996097975432 529.746435854156
9.74915032893146 30.1082365418047 132.559343915373 530.141955565695
10.5581565631326 30.264859856564 132.650772070912 530.054189451706
10.1904479545964 30.2955082572866 132.232046284271 529.611105134666
9.8775091740609 30.2292101837762 133.821272553293 529.521760273522
10.1266834645719 30.2442942047701 134.097961256742 530.789539382921
10.375023351866 30.3323717898529 134.002384106023 530.581517748277
9.75629200017984 34.3016952978007 134.143028566162 531.429493193885
9.47396672014026 33.7137157840627 134.671604903616 532.670490171162
9.00461024104693 37.1194003648497 135.665399239145 535.508819138369
9.67782904315494 36.3108090413112 136.472254537043 537.494389068707
9.46597544369714 35.5195207702892 136.756552117062 540.084955420753
9.17291837074998 34.7194442044853 137.172258280946 542.318420113535
8.95312005465804 33.9334358004342 137.482611063321 543.535147380017
8.58026313733286 33.1141711615906 137.163601314059 543.422550858785
9.61077975015086 32.6859879704768 137.468118705198 544.123593448548
9.62971063227508 32.3063023631117 137.078332574006 543.883713096384
9.4122873455631 31.8993583304694 137.843739262167 544.025181375025
9.24427217158226 31.4827041488972 136.920164527831 544.703795806245
9.03528569286023 26.9693463549864 135.82392299202 542.966182080952
9.25500228824866 27.0489124059623 133.850646933302 540.328666631919
9.80090913006792 27.2842939043865 132.938577799806 538.179744484604
9.88885293109507 27.5225203932763 131.385893971575 535.742079197455
9.50366013868226 27.6213663955534 131.496841974586 533.258539171737
9.48182084468943 27.7037760094049 130.33416542618 531.492041680793
9.52352203489179 27.7904550189319 129.51799712787 529.856448129887
10.197290196008 28.0705965758411 129.552518495625 528.069822359908
10.3550368658479 28.3700479780114 129.890094795395 527.55547328049
10.3098845965062 28.6260085591621 129.311460731041 527.300768077668
10.3157448676866 28.8581311635519 128.774751675861 525.257017852963
10.2116326950855 29.0358078557224 128.637279941929 523.739127558314
9.79096083071161 29.0695153193636 128.477339991351 522.494620022321
9.90375492329 29.1336902644142 128.401305503128 521.960478106417
9.85125513666071 29.175697778971 128.607090017756 520.668251603084
9.61090413937761 29.1413992428872 128.385146309165 519.384768987168
9.28300602112669 29.0121611249365 129.130133296337 518.727734456662
9.51597101824594 28.9657363179166 129.740932741762 518.208726656291
8.8868209734044 28.7352089781463 128.578388375308 517.622232020349
10.1353426380523 28.9022908717473 128.616751095251 517.605908054278
10.6009728012889 29.1923536249593 129.669959534675 517.271528700407
10.4912025455215 29.4204790261198 129.275891371222 517.366028556028
11.0722446776443 29.8001045268011 129.329168555982 517.492664218382
10.6330475272173 30.0100083322862 129.890658507377 517.547483220758
10.2023271777119 30.0697056523711 130.224551272656 517.336300326111
11.4305974037979 30.4919143082734 130.571242480208 517.841234385028
10.8178705699783 30.6880840484396 131.541643616896 518.900981224818
12.2619899854896 31.2978726392425 132.118479266722 521.22826983111
12.080894639295 31.7923537671067 133.694256892404 523.594890899908
11.6786581984676 32.1167158499363 134.417911194248 525.591187659163
10.9787983148976 32.198683759412 134.586423671837 526.727529281799
10.9353687507838 32.2594260087059 134.433054896876 528.159189596877
10.4456166839021 32.167168413006 135.514887598905 532.55821341469
9.77028888120007 31.8815382360654 134.892817034514 535.9031525278
9.6583550911901 31.5908909398159 134.407161920177 536.724186517001
10.5902623524305 31.6088805515634 134.390030999234 537.238334493449
10.0769582854162 31.471079982032 134.536438425261 537.676798837974
9.98485095872269 31.3194272714456 135.118134261312 537.451353049069
10.773480931425 31.4195288237285 135.448186029477 537.597076712835
9.95200025665057 31.2631760183509 135.035848450539 537.692531188045
11.0438122834959 31.4500021015645 135.078668056037 538.470154735652
